trade_id,ticker,created_time,count_fp,yes_price_dollars,no_price_dollars,taker_side
9672460c-bb10-57bd-d086-5209e9f98877,KXCABOUT-29-LM,2026-02-03T19:20:45.995341Z,200.00,0.0200,0.9800,yes
8502a64c-008a-5ed9-c527-918ec0e11859,KXCABOUT-29-LM,2026-02-03T19:20:45.995341Z,250.00,0.0200,0.9800,yes
71d537a0-536e-58e0-d22c-b2e2074b66c4,KXCABOUT-29-LM,2026-02-03T19:20:45.995341Z,517.00,0.0200,0.9800,yes
70c1f183-8b63-5253-ca8b-a420f55efc75,KXCABOUT-29-LM,2026-02-03T19:20:45.995341Z,100.00,0.0200,0.9800,yes
69a381f4-b223-53e6-ed27-c21a332d293f,KXCABOUT-29-LM,2026-02-03T19:20:45.995341Z,183.00,0.0200,0.9800,yes
3b19a5fb-68af-4a56-dabf-9ff303a90613,KXCABOUT-29-LM,2026-02-03T17:07:34.728143Z,20.00,0.0200,0.9800,yes
c47b9c74-d3c7-4c6a-c257-ae1f293d43df,KXCABOUT-29-LM,2026-02-03T16:07:40.615404Z,97.00,0.0200,0.9800,yes
0117675f-638c-4667-f820-156f0e92729f,KXCABOUT-29-LM,2026-02-03T16:07:40.615404Z,370.00,0.0200,0.9800,yes
411e9d65-de98-4e87-9a23-415f95fb1b2f,KXCABOUT-29-LM,2026-02-03T07:40:46.676371Z,233.00,0.0200,0.9800,yes
49adb8a6-91bc-5697-e737-a1a7032dcd8f,KXCABOUT-29-LM,2026-02-03T03:36:48.962287Z,327.00,0.0200,0.9800,yes
1efa5aa8-025c-68e3-9daf-74d2762050cb,KXCABOUT-29-LM,2026-02-03T01:23:25.858279Z,250.00,0.0200,0.9800,yes
d018ce29-d2c5-59ae-6bd0-136e89587a97,KXCABOUT-29-LM,2026-02-02T23:24:18.025729Z,400.00,0.0100,0.9900,no
c290f390-6e9c-5414-4a38-eb27f42e5cb4,KXCABOUT-29-LM,2026-02-02T23:24:18.025729Z,384.00,0.0100,0.9900,no
80b162b8-239c-5948-551e-6efe62cd6457,KXCABOUT-29-LM,2026-02-02T23:24:18.025729Z,71.00,0.0100,0.9900,no
759cecc6-30f8-7df4-7b61-85468dbc02ac,KXCABOUT-29-LM,2026-02-02T22:43:39.810889Z,1579.00,0.0100,0.9900,no
0e6c4c9d-6878-6e0f-9dc4-c5326ff56fe3,KXCABOUT-29-LM,2026-02-02T22:19:16.496306Z,93.00,0.0200,0.9800,yes
9bdad5c3-7fec-75f3-81e0-66476ba003e3,KXCABOUT-29-LM,2026-02-02T21:46:50.59057Z,727.00,0.0200,0.9800,yes
4a3cf69c-17ce-7d38-821a-76b2d87192d0,KXCABOUT-29-LM,2026-02-02T21:46:50.59057Z,208.00,0.0200,0.9800,yes
355d53a9-a1d6-5a70-b708-348db53c5958,KXCABOUT-29-LM,2026-02-02T21:46:30.446188Z,46.00,0.0200,0.9800,yes
c6ef0325-920d-776c-2210-0d466a689c63,KXCABOUT-29-LM,2026-02-02T16:00:35.71108Z,516.00,0.0100,0.9900,no
252dab6d-3ec2-7374-2eb0-3fd80c31fe8d,KXCABOUT-29-LM,2026-02-02T16:00:35.71108Z,1149.00,0.0100,0.9900,no
20351074-c170-7128-2e82-9770d40f0ff4,KXCABOUT-29-LM,2026-02-02T16:00:35.71108Z,335.00,0.0100,0.9900,no
b844c8a3-c486-5f0c-0245-9f84af5cdcb4,KXCABOUT-29-LM,2026-02-02T15:20:15.75599Z,93.00,0.0200,0.9800,yes
c0098dc5-106a-5fa8-5e78-9827c07ff268,KXCABOUT-29-LM,2026-02-02T10:52:59.396893Z,217.00,0.0200,0.9800,yes
e965608d-fa42-683c-40a8-47d221865dfc,KXCABOUT-29-LM,2026-02-02T02:59:11.913986Z,93.00,0.0200,0.9800,yes
e722ca1f-722d-463d-d57c-3d01150facb9,KXCABOUT-29-LM,2026-02-02T00:55:12.006289Z,149.00,0.0100,0.9900,no
6e645bab-87c5-40d0-e5ff-b87384f8ebd7,KXCABOUT-29-LM,2026-02-02T00:55:12.006289Z,484.00,0.0100,0.9900,no
8c7c426f-d90f-5036-145c-fc8f34b95e9a,KXCABOUT-29-LM,2026-02-01T23:28:04.255705Z,840.00,0.0200,0.9800,yes
264e861d-fb86-5a1c-0442-7faf00a41e10,KXCABOUT-29-LM,2026-02-01T23:28:04.255705Z,329.00,0.0200,0.9800,yes
8e007adf-1f47-6f6e-8aef-b5cb6bfe1056,KXCABOUT-29-LM,2026-02-01T23:27:50.367246Z,46.00,0.0200,0.9800,yes
92e1ec28-c55f-4b9e-a2e1-eabe84d20e36,KXCABOUT-29-LM,2026-02-01T18:47:57.581747Z,25.00,0.0200,0.9800,yes
303365f9-564f-54aa-f535-6a42a4dad382,KXCABOUT-29-LM,2026-02-01T15:48:59.443663Z,46.00,0.0200,0.9800,yes
f2fe60a5-e2a7-4b7e-ee89-d20ce26bdf36,KXCABOUT-29-LM,2026-02-01T15:18:39.0188Z,4.00,0.0200,0.9800,yes
dddd8a3a-aabf-463e-e1a2-3fc6accccdf2,KXCABOUT-29-LM,2026-02-01T13:52:11.715192Z,39.00,0.0200,0.9800,yes
a61df9c8-4347-46f0-ff37-602baadffc8f,KXCABOUT-29-LM,2026-02-01T13:52:11.715192Z,7.00,0.0200,0.9800,yes
7380df8a-a697-58b5-1c46-b87ff224d417,KXCABOUT-29-LM,2026-02-01T13:30:34.798455Z,14.00,0.0300,0.9700,yes
07b5ebaa-31c3-7142-1ac2-ca8c76a593c8,KXCABOUT-29-LM,2026-02-01T05:06:13.04916Z,467.00,0.0200,0.9800,yes
1309b9d4-b2cf-5734-68e4-134d61651e7a,KXCABOUT-29-LM,2026-02-01T04:08:14.730321Z,46.00,0.0200,0.9800,yes
f985abd4-a630-6ed8-4639-b5737abc5df4,KXCABOUT-29-LM,2026-02-01T04:04:35.793074Z,981.00,0.0300,0.9700,yes
ee237a74-d459-6873-6cec-f0842426bc68,KXCABOUT-29-LM,2026-02-01T04:04:35.793074Z,111.00,0.0300,0.9700,yes
83b008ce-82f9-66cd-7eb3-c2366ee59b45,KXCABOUT-29-LM,2026-02-01T04:03:54.183232Z,2.00,0.0100,0.9900,no
af261527-e0f5-5331-0c93-e38c9bb57045,KXCABOUT-29-LM,2026-02-01T03:55:01.003883Z,2.00,0.0100,0.9900,no
06dfa7d2-f185-6065-ff2c-7651adc30f5d,KXCABOUT-29-LM,2026-02-01T03:49:55.662449Z,1.00,0.0100,0.9900,no
577decfd-4a65-6422-ff25-1821c5431ab8,KXCABOUT-29-LM,2026-02-01T03:04:01.02038Z,66.00,0.0200,0.9800,yes
3d868edf-593e-6afb-eaf6-9c824bb5f8f0,KXCABOUT-29-LM,2026-02-01T03:04:01.02038Z,1064.00,0.0200,0.9800,yes
1e631c5d-b6a2-6b59-de0f-4d5b814cdcae,KXCABOUT-29-LM,2026-02-01T03:04:01.02038Z,10.00,0.0200,0.9800,yes
064cde25-78d4-6be8-ed31-74baae64f494,KXCABOUT-29-LM,2026-02-01T03:04:01.02038Z,19.00,0.0300,0.9700,yes
3ada8053-0cfd-7ae5-b1fd-0f299b033dbd,KXCABOUT-29-LM,2026-02-01T02:35:10.121985Z,1.00,0.0100,0.9900,no
18ab8579-4b8e-64b3-d045-bf78bfdabbc4,KXCABOUT-29-LM,2026-02-01T02:23:26.798127Z,917.00,0.0200,0.9800,yes
e8f7473a-d185-7831-2ab6-bf1bd4f962b5,KXCABOUT-29-LM,2026-02-01T02:22:19.20423Z,1.00,0.0100,0.9900,no
5df9753c-b799-6991-7fb8-9a5109804bed,KXCABOUT-29-LM,2026-02-01T02:16:09.185576Z,1.00,0.0100,0.9900,no
f28854fb-f25a-4f8b-7763-3ff3d2300a24,KXCABOUT-29-LM,2026-02-01T02:16:00.08612Z,19.00,0.0200,0.9800,yes
989ce964-49d6-45d8-5bd7-4856d19a08d0,KXCABOUT-29-LM,2026-02-01T02:16:00.08612Z,315.00,0.0200,0.9800,yes
4e45c1e5-5bc0-4f3b-5ee4-68192e8ad47d,KXCABOUT-29-LM,2026-02-01T02:16:00.08612Z,5.00,0.0200,0.9800,yes
0eb29e55-0c9a-4bc6-78e4-ce9d3c48792b,KXCABOUT-29-LM,2026-02-01T02:16:00.08612Z,2000.00,0.0200,0.9800,yes
70fad615-8b5d-60a1-fdd1-a8f782a5fb55,KXCABOUT-29-LM,2026-02-01T02:14:33.090957Z,7.00,0.0100,0.9900,no
6a1f2877-e7c1-5991-128a-6684f9687ff9,KXCABOUT-29-LM,2026-02-01T01:53:06.088894Z,1.00,0.0100,0.9900,no
d0518469-4acd-4721-0f91-b9dd0216b92d,KXCABOUT-29-LM,2026-02-01T01:34:41.090556Z,1.00,0.0100,0.9900,no
363998db-cab5-41f9-1944-5d3f3b792bb9,KXCABOUT-29-LM,2026-02-01T01:24:02.871274Z,1.00,0.0100,0.9900,no
815e0032-7121-6fed-451a-1a5e90c7c759,KXCABOUT-29-LM,2026-02-01T01:23:26.665263Z,2.00,0.0100,0.9900,no
8e1a5eb4-d1a5-6121-49bf-3384019fdc71,KXCABOUT-29-LM,2026-02-01T01:15:00.883345Z,1.00,0.0100,0.9900,no
2aea01ff-9f25-79e5-2683-3cd4abdf186d,KXCABOUT-29-LM,2026-02-01T01:05:11.389204Z,3.00,0.0100,0.9900,no
37b8f6ba-6b51-5959-8dfd-c42bbd13b7f1,KXCABOUT-29-LM,2026-02-01T00:49:41.448233Z,1.00,0.0100,0.9900,no
dda83127-4795-4839-edba-f4bab85e8d75,KXCABOUT-29-LM,2026-02-01T00:07:02.388443Z,1.00,0.0100,0.9900,no
850318c4-0b31-73ed-9d0b-9158197681a9,KXCABOUT-29-LM,2026-02-01T00:06:03.69145Z,9.00,0.0100,0.9900,no
7f9b4d5c-64ce-7e2c-e88b-df59f4345e5c,KXCABOUT-29-LM,2026-01-31T21:23:05.608295Z,233.00,0.0200,0.9800,yes
08d83158-7a9c-7f35-3e34-480607c59ef5,KXCABOUT-29-LM,2026-01-31T21:12:14.639282Z,6.00,0.0100,0.9900,no
08434e1a-9c9d-7a79-01b5-2cc541b6f5f1,KXCABOUT-29-LM,2026-01-31T21:12:14.639282Z,20.00,0.0100,0.9900,no
5e144744-459c-4fe9-5056-8532ff2ee96d,KXCABOUT-29-LM,2026-01-31T21:07:57.196813Z,40.00,0.0100,0.9900,no
bdc410bc-e502-7f90-83cd-940f410f2ca0,KXCABOUT-29-LM,2026-01-31T19:37:19.61058Z,93.00,0.0200,0.9800,yes
f4f400e8-9cae-45d8-efbe-fe5a684a8154,KXCABOUT-29-LM,2026-01-31T18:08:29.094526Z,4.00,0.0200,0.9800,yes
ab239a1b-6546-4850-0a6d-da422b18444e,KXCABOUT-29-LM,2026-01-31T17:40:34.899731Z,4360.00,0.0100,0.9900,no
1603c719-d0d4-431a-27b9-888be205534e,KXCABOUT-29-LM,2026-01-31T17:40:34.899731Z,315.00,0.0100,0.9900,no
dcddef3c-41d6-7570-8831-c407f4e34bd8,KXCABOUT-29-LM,2026-01-31T15:34:27.703735Z,46.00,0.0200,0.9800,yes
9dcb6d77-d7ca-7a28-b651-6385bf253ea4,KXCABOUT-29-LM,2026-01-31T13:49:22.261607Z,46.00,0.0200,0.9800,yes
b0f8a21b-4efe-60a9-25ed-22c6277f4f6d,KXCABOUT-29-LM,2026-01-31T08:57:09.174102Z,1500.00,0.0100,0.9900,no
a8260d31-002b-652a-0535-86a051c6e1f6,KXCABOUT-29-LM,2026-01-31T08:57:09.174102Z,997.00,0.0100,0.9900,no
2a8233d3-d718-6076-09aa-b02816270ae6,KXCABOUT-29-LM,2026-01-31T08:57:09.174102Z,2182.00,0.0100,0.9900,no
48bf27de-06ae-74f8-e0cb-5c119b3fbe74,KXCABOUT-29-LM,2026-01-31T05:46:50.603323Z,263.00,0.0200,0.9800,yes
1edfd7ea-96d3-73c7-ef80-2320091c1c50,KXCABOUT-29-LM,2026-01-31T05:46:50.603323Z,204.00,0.0200,0.9800,yes
8981e39f-23bf-4b73-9d0f-5d9289e8f6f4,KXCABOUT-29-LM,2026-01-31T03:18:31.749011Z,46.00,0.0200,0.9800,yes
d54039b1-f862-7c70-bc01-e6d7e8f0ffb5,KXCABOUT-29-LM,2026-01-31T02:42:04.116225Z,26.00,0.0200,0.9800,no
baddc6a3-7624-7c9c-6ed2-8fc43baa4ed6,KXCABOUT-29-LM,2026-01-31T02:35:16.674612Z,11.00,0.0300,0.9700,yes
affd4a83-f0e8-79a6-4e22-b727bd7f7aa8,KXCABOUT-29-LM,2026-01-31T02:35:16.674612Z,1561.00,0.0200,0.9800,yes
62a24ed6-0231-7f60-4e56-8f4558e650fa,KXCABOUT-29-LM,2026-01-31T02:35:16.674612Z,2.00,0.0200,0.9800,yes
2be2c6d5-c1e4-7fa6-68f6-3ca24b6ce4b2,KXCABOUT-29-LM,2026-01-31T02:35:16.674612Z,5.00,0.0400,0.9600,yes
9319819c-25e6-6847-a28a-1f46da04fd31,KXCABOUT-29-LM,2026-01-31T00:00:47.225729Z,2.00,0.0200,0.9800,yes
336fccdd-d2f1-6cde-ae88-965437f929a7,KXCABOUT-29-LM,2026-01-31T00:00:47.225729Z,46.00,0.0200,0.9800,yes
14535546-a32e-6221-b577-823166455fad,KXCABOUT-29-LM,2026-01-31T00:00:47.225729Z,2.00,0.0200,0.9800,yes
d880c94b-8344-6282-4223-b7ba1e284f06,KXCABOUT-29-LM,2026-01-30T23:24:15.915935Z,192.00,0.0200,0.9800,yes
bca84531-3f7c-60b6-6f23-de6f6b02ace7,KXCABOUT-29-LM,2026-01-30T23:24:15.915935Z,1.00,0.0200,0.9800,yes
4b145706-8870-6d93-5ae6-704772199385,KXCABOUT-29-LM,2026-01-30T23:24:15.915935Z,40.00,0.0200,0.9800,yes
76d33ffd-5ce4-5e8b-4bbf-75001121f0b9,KXCABOUT-29-LM,2026-01-30T23:03:19.230424Z,363.00,0.0200,0.9800,yes
5cab9702-2fd8-5303-26e0-7a3ca77dc555,KXCABOUT-29-LM,2026-01-30T22:12:42.44906Z,597.00,0.0200,0.9800,yes
0e3d0af6-7ec8-5dd0-05d3-56a88f6bcbe2,KXCABOUT-29-LM,2026-01-30T22:12:42.44906Z,90.00,0.0200,0.9800,yes
60375578-e114-47d8-71ff-ad132cf6d5c2,KXCABOUT-29-LM,2026-01-30T21:58:30.016872Z,382.00,0.0200,0.9800,yes
3c8cd15f-491c-7b64-5e7f-fe664f0cc62e,KXCABOUT-29-LM,2026-01-30T21:50:20.809399Z,28.00,0.0200,0.9800,yes
349bbcb2-49c2-727c-51d3-5c72a0793cc5,KXCABOUT-29-LM,2026-01-30T21:50:20.809399Z,439.00,0.0200,0.9800,yes
5ae1ebbb-ea3e-6068-ae72-aba994dbcaa9,KXCABOUT-29-LM,2026-01-30T20:15:01.336669Z,561.00,0.0200,0.9800,yes
29b938ac-a98c-65eb-8be1-70675d0e210d,KXCABOUT-29-LM,2026-01-30T20:15:01.336669Z,374.00,0.0200,0.9800,yes
3dc084fc-aa8c-5747-9828-3c54147f8219,KXCABOUT-29-LM,2026-01-30T19:43:41.537314Z,46.00,0.0200,0.9800,yes
51bfac52-8cb4-403b-de4d-3ed0ed9d9509,KXCABOUT-29-LM,2026-01-30T19:06:27.988105Z,46.00,0.0200,0.9800,yes
a92a8209-ece8-4ca3-df23-42e18e92c535,KXCABOUT-29-LM,2026-01-30T17:51:06.987668Z,40.00,0.0200,0.9800,yes
7538f2b7-5e58-76a3-4938-24ca16c63e29,KXCABOUT-29-LM,2026-01-30T16:30:50.908349Z,46.00,0.0200,0.9800,yes
1dad9081-9b78-681f-732c-3bf0982a5651,KXCABOUT-29-LM,2026-01-30T16:27:11.892288Z,1169.00,0.0200,0.9800,yes
765d4006-69ac-6e6f-8a70-0a3cc1fcfd39,KXCABOUT-29-LM,2026-01-30T16:05:21.136589Z,233.00,0.0200,0.9800,yes
a021e383-f2f8-4103-fd6a-8b7d533365d5,KXCABOUT-29-LM,2026-01-30T13:43:04.695446Z,46.00,0.0200,0.9800,yes
d989bc86-01e3-467e-45b3-ccbcd9ecbbc2,KXCABOUT-29-LM,2026-01-30T13:28:39.493691Z,1.00,0.0100,0.9900,no
736e9d82-dbbf-664a-2f14-5571a18010d6,KXCABOUT-29-LM,2026-01-30T13:28:25.198042Z,2.00,0.0100,0.9900,no
a4303e31-1643-797e-78ed-fc15fb6719be,KXCABOUT-29-LM,2026-01-30T13:26:31.42495Z,1.00,0.0100,0.9900,yes
753a9a93-782d-768a-59c4-9c3776a189ea,KXCABOUT-29-LM,2026-01-30T13:26:31.42495Z,536.00,0.0100,0.9900,yes
3bd3570e-ac13-72ab-68fb-23e79a040a19,KXCABOUT-29-LM,2026-01-30T13:26:31.42495Z,1000.00,0.0100,0.9900,yes
0f04db47-a96f-7bea-730d-6ca5c8294d6f,KXCABOUT-29-LM,2026-01-30T13:26:31.42495Z,854.00,0.0100,0.9900,yes
077ff992-e381-71ac-70ba-c811a060d2b4,KXCABOUT-29-LM,2026-01-30T13:26:31.42495Z,1000.00,0.0100,0.9900,yes
949914ed-7779-47fa-87e2-1a9e96c07a8a,KXCABOUT-29-LM,2026-01-30T11:29:52.716138Z,93.00,0.0100,0.9900,yes
7a6e4839-1c09-65e2-1af1-cfeca9b63f46,KXCABOUT-29-LM,2026-01-30T08:28:07.146203Z,23.00,0.0100,0.9900,yes
f167b9a7-161d-5d26-8657-857512a3d2d2,KXCABOUT-29-LM,2026-01-30T02:25:47.713344Z,348.00,0.0100,0.9900,yes
0938ccd7-5f9d-5a8c-8e0f-6229db66ab32,KXCABOUT-29-LM,2026-01-30T02:25:47.713344Z,601.00,0.0100,0.9900,yes
fac7159f-4731-5d4f-8f1c-58e36282e15b,KXCABOUT-29-LM,2026-01-30T00:31:14.62317Z,1000.00,0.0100,0.9900,yes
c8faa859-2fb9-5e58-b5f5-012c366ef396,KXCABOUT-29-LM,2026-01-30T00:31:14.62317Z,399.00,0.0100,0.9900,yes
580effca-da4e-590a-a2df-0e28d2b8d478,KXCABOUT-29-LM,2026-01-30T00:31:14.62317Z,500.00,0.0100,0.9900,yes
57594800-465f-5f1a-be0f-daedad0cff3e,KXCABOUT-29-LM,2026-01-30T00:31:14.62317Z,1000.00,0.0100,0.9900,yes
44400982-2806-5605-8587-3668cfca7833,KXCABOUT-29-LM,2026-01-30T00:31:14.62317Z,1000.00,0.0100,0.9900,yes
0ac964fa-1690-5d25-abb6-f0426b8717f3,KXCABOUT-29-LM,2026-01-30T00:31:14.62317Z,776.00,0.0100,0.9900,yes
ac4ea6a9-cd3c-404d-458c-799d5e9f0407,KXCABOUT-29-LM,2026-01-29T22:01:31.65161Z,93.00,0.0100,0.9900,yes
d0000938-ac25-51c3-99dc-cd274f710927,KXCABOUT-29-LM,2026-01-29T21:49:54.758753Z,369.00,0.0100,0.9900,yes
6a403b9f-ca34-5c55-babb-42e2473e2713,KXCABOUT-29-LM,2026-01-29T21:49:54.758753Z,131.00,0.0100,0.9900,yes
5904e8fa-d1c9-6f63-8dcc-252a34e32aef,KXCABOUT-29-LM,2026-01-29T21:37:23.883468Z,93.00,0.0100,0.9900,yes
b9d0046b-3e3d-66f7-a0d6-36167cccdc43,KXCABOUT-29-LM,2026-01-29T19:24:36.970767Z,187.00,0.0100,0.9900,yes
77de4702-fb59-75b3-e3c3-af4f633386b7,KXCABOUT-29-LM,2026-01-29T03:57:19.859289Z,9.00,0.0100,0.9900,yes
9c5c7fca-f4a5-41df-72cb-4e6efd9283f7,KXCABOUT-29-LM,2026-01-29T01:21:08.822025Z,93.00,0.0100,0.9900,yes
0b46666d-9919-7d83-a60e-2f1e33ecb02f,KXCABOUT-29-LM,2026-01-29T01:01:55.27832Z,93.00,0.0100,0.9900,yes
f36b970d-44a2-674b-cc25-71bd386ce026,KXCABOUT-29-LM,2026-01-28T18:59:31.011619Z,311.00,0.0100,0.9900,yes
e6cf8175-3239-62db-cb28-93413152c9f7,KXCABOUT-29-LM,2026-01-28T18:59:31.011619Z,156.00,0.0100,0.9900,yes
af9b3ebd-1a3e-451b-5ff4-75e743c5e7da,KXCABOUT-29-LM,2026-01-28T17:22:12.67366Z,10.00,0.0100,0.9900,yes
f54c0a65-7947-5bd3-5843-4a017ae76397,KXCABOUT-29-LM,2026-01-28T16:29:12.922833Z,57.00,0.0100,0.9900,yes
5c6623f1-f02a-5343-4b60-4445ff1b45f6,KXCABOUT-29-LM,2026-01-28T16:29:12.922833Z,679.00,0.0100,0.9900,yes
4f544240-667b-5498-64fe-5e30f6e6bff7,KXCABOUT-29-LM,2026-01-28T16:29:12.922833Z,97.00,0.0100,0.9900,yes
1178d717-a47b-4d2b-3c0a-0998e926cd0b,KXCABOUT-29-LM,2026-01-28T13:27:37.159933Z,93.00,0.0100,0.9900,yes
c75f2a27-a7a3-4a4b-c60e-f0fd5323bbc7,KXCABOUT-29-LM,2026-01-28T13:08:48.739263Z,187.00,0.0100,0.9900,yes
fc42776c-965d-7867-fffc-cabb910dd9ea,KXCABOUT-29-LM,2026-01-28T08:39:27.899945Z,1000.00,0.0100,0.9900,yes
f07431f0-18be-7d25-c328-c2fa1f502284,KXCABOUT-29-LM,2026-01-28T08:39:27.899945Z,124.00,0.0100,0.9900,yes
dc8279c4-0be3-7d44-da45-a1ea7789728a,KXCABOUT-29-LM,2026-01-28T08:39:27.899945Z,1000.00,0.0100,0.9900,yes
da0e5384-6349-760e-cb14-c852c1fa4fb1,KXCABOUT-29-LM,2026-01-28T08:39:27.899945Z,1000.00,0.0100,0.9900,yes
bbb96992-0973-7cdf-f758-1a6749f35a11,KXCABOUT-29-LM,2026-01-28T08:39:27.899945Z,1000.00,0.0100,0.9900,yes
8adf4e95-32b7-72bb-df30-ee5a2b830c97,KXCABOUT-29-LM,2026-01-28T08:39:27.899945Z,663.00,0.0100,0.9900,yes
8769e807-e874-7175-d732-5af22cb2070f,KXCABOUT-29-LM,2026-01-28T08:39:27.899945Z,1000.00,0.0100,0.9900,yes
4c51f998-6abe-77af-f39b-879ba6371398,KXCABOUT-29-LM,2026-01-28T08:39:27.899945Z,1000.00,0.0100,0.9900,yes
46342112-5df1-7b31-dbed-c399197e459a,KXCABOUT-29-LM,2026-01-28T08:39:27.899945Z,2000.00,0.0100,0.9900,yes
33df3073-4628-7059-f512-0ea8bbbec668,KXCABOUT-29-LM,2026-01-28T08:39:27.899945Z,500.00,0.0100,0.9900,yes
22867d60-9065-7b0c-dfa6-03772c0d182a,KXCABOUT-29-LM,2026-01-28T08:39:27.899945Z,1000.00,0.0100,0.9900,yes
dd41476e-ed02-7fdd-8aa3-88014ac2e0c0,KXCABOUT-29-LM,2026-01-28T05:32:48.877539Z,46.00,0.0100,0.9900,yes
7d270eaf-ff5a-4e19-5b62-0250046094c4,KXCABOUT-29-LM,2026-01-28T05:21:55.312468Z,130.00,0.0100,0.9900,yes
1b7b11dc-129e-405a-6482-26456456bc7a,KXCABOUT-29-LM,2026-01-28T05:21:55.312468Z,805.00,0.0100,0.9900,yes
0bbb539a-00c2-4d52-08ca-0ae3a99dc196,KXCABOUT-29-LM,2026-01-28T04:57:19.09892Z,93.00,0.0100,0.9900,yes
cfd7deaa-0322-66ae-b537-2af32b4019be,KXCABOUT-29-LM,2026-01-28T03:24:55.771372Z,93.00,0.0100,0.9900,yes
b79c8cbd-740a-5bbe-4a0f-a718daf448fe,KXCABOUT-29-LM,2026-01-28T00:31:30.500652Z,9.00,0.0100,0.9900,yes
8a7b4693-4286-5fe0-4d2e-a74b959e3bde,KXCABOUT-29-LM,2026-01-28T00:31:30.500652Z,271.00,0.0100,0.9900,yes
fbf6b635-4dee-6620-1f06-8617f79e9c36,KXCABOUT-29-LM,2026-01-28T00:21:37.990806Z,93.00,0.0100,0.9900,yes
51c2a917-9776-46d0-0086-de9555c2a8c2,KXCABOUT-29-LM,2026-01-28T00:07:18.628228Z,93.00,0.0100,0.9900,yes
6160d406-1dda-7fb8-78d3-9bc228e29a62,KXCABOUT-29-LM,2026-01-27T21:03:45.423835Z,93.00,0.0100,0.9900,yes
5f02de1c-6c9a-7868-57ec-d1344c784532,KXCABOUT-29-LM,2026-01-27T21:00:17.984835Z,10.00,0.0100,0.9900,yes
cf71a2ee-7ba2-4ba6-a23a-b352254d734f,KXCABOUT-29-LM,2026-01-27T19:49:00.964381Z,27.00,0.0100,0.9900,yes
0518dc65-2cd2-4a5c-9156-8fb68fd6692a,KXCABOUT-29-LM,2026-01-27T19:49:00.964381Z,440.00,0.0100,0.9900,yes
c685b0c8-65c2-7bfe-72ed-8336e86a53ab,KXCABOUT-29-LM,2026-01-27T18:53:54.171592Z,100.00,0.0100,0.9900,yes
f20c3920-15a6-781e-27f4-5c914543a27f,KXCABOUT-29-LM,2026-01-27T17:00:06.146921Z,187.00,0.0100,0.9900,yes
8e1b0bf8-7276-603e-b524-bc0a9807aaeb,KXCABOUT-29-LM,2026-01-27T16:40:09.106842Z,100.00,0.0100,0.9900,yes
bbeaff9d-e48f-608c-d7da-d2c785c48e56,KXCABOUT-29-LM,2026-01-27T13:34:06.281858Z,498.00,0.0100,0.9900,no
57498cd2-26e2-612f-d3b7-b2b5d54f8879,KXCABOUT-29-LM,2026-01-27T13:34:06.281858Z,88.00,0.0100,0.9900,no
e02b159a-22d3-457c-868c-8eec662e2062,KXCABOUT-29-LM,2026-01-27T13:16:42.095064Z,1.00,0.0100,0.9900,no
97443767-2363-5e40-593b-1f7b277a3222,KXCABOUT-29-LM,2026-01-27T12:55:23.920798Z,187.00,0.0100,0.9900,no
36596409-563f-71e0-22cf-6871631b2976,KXCABOUT-29-LM,2026-01-27T12:35:01.897337Z,1.00,0.0100,0.9900,no
16053315-4be6-623f-e048-c596c125fa83,KXCABOUT-29-LM,2026-01-27T12:34:55.100409Z,5.00,0.0200,0.9800,yes
4a303a8f-ab67-6c00-abca-9e1453abc0d6,KXCABOUT-29-LM,2026-01-27T11:48:57.430721Z,1.00,0.0100,0.9900,no
bf6b4e48-f4b3-7294-c6d2-943ab7ad6c62,KXCABOUT-29-LM,2026-01-27T10:46:47.584694Z,1.00,0.0100,0.9900,no
241e7eda-ab1b-5c5c-26e8-299e65ada5b6,KXCABOUT-29-LM,2026-01-27T09:09:33.21801Z,1.00,0.0100,0.9900,no
46f68cc9-8a7f-7870-4194-07ca3b1b7a7a,KXCABOUT-29-LM,2026-01-27T07:39:28.599942Z,1.00,0.0100,0.9900,no
5fb0275c-d1ab-703c-c2f3-3d9a24162b8e,KXCABOUT-29-LM,2026-01-27T07:31:01.686058Z,1.00,0.0100,0.9900,no
dcc4dc4b-9f8f-68dc-4365-485040e5ee42,KXCABOUT-29-LM,2026-01-27T07:26:51.042941Z,1.00,0.0100,0.9900,no
056c1117-f8cb-6728-47bc-2eb95aafea26,KXCABOUT-29-LM,2026-01-27T07:07:06.817191Z,1.00,0.0100,0.9900,no
cdcbe71b-730b-5fec-ab9a-41c9d0cc002a,KXCABOUT-29-LM,2026-01-27T06:51:54.329658Z,2.00,0.0100,0.9900,no
43b93691-f5ff-5a88-8262-88181305adfe,KXCABOUT-29-LM,2026-01-27T06:41:59.904577Z,1.00,0.0100,0.9900,no
7fc11180-a1cf-64a0-aba7-f2ece9bc4fd6,KXCABOUT-29-LM,2026-01-27T06:37:32.474887Z,1.00,0.0100,0.9900,no
23591711-d0ba-4097-542c-54ec8e103f7f,KXCABOUT-29-LM,2026-01-27T06:37:26.186142Z,46.00,0.0200,0.9800,yes
5491faca-91c3-6dbc-6665-32592ef71452,KXCABOUT-29-LM,2026-01-27T06:25:32.645879Z,1.00,0.0100,0.9900,no
6737801f-8ecf-6878-4fb1-dc1df4334086,KXCABOUT-29-LM,2026-01-27T06:23:20.326669Z,1.00,0.0100,0.9900,no
4b152f23-ffdf-7e58-a817-7f1f1b2f2c86,KXCABOUT-29-LM,2026-01-27T06:21:58.687849Z,1.00,0.0100,0.9900,no
4fa3dec8-46a7-6ba8-6ba8-cd30c77892aa,KXCABOUT-29-LM,2026-01-27T06:17:28.563073Z,1.00,0.0100,0.9900,no
4a522628-8a57-4a08-747b-4880f369823e,KXCABOUT-29-LM,2026-01-27T05:26:36.362605Z,2.00,0.0100,0.9900,no
bd0f7b4f-d946-5347-03f4-83edd04ec0ef,KXCABOUT-29-LM,2026-01-27T04:56:41.421215Z,467.00,0.0200,0.9800,yes
d2a3a8c6-d507-5c38-0d0b-8f41791e65c2,KXCABOUT-29-LM,2026-01-27T04:31:11.690345Z,6.00,0.0100,0.9900,no
5ed3542e-88ca-6a03-9a47-5cce43bec007,KXCABOUT-29-LM,2026-01-27T04:31:05.976738Z,233.00,0.0200,0.9800,yes
e230225b-a167-4c44-b4ef-914eef5f2ea2,KXCABOUT-29-LM,2026-01-27T03:55:41.799306Z,8.00,0.0100,0.9900,no
84fb9900-dcd3-68a0-4cb9-5bd6a0dd1cda,KXCABOUT-29-LM,2026-01-27T03:20:37.27681Z,9.00,0.0100,0.9900,no
13c195d4-2d42-54f3-7467-3cc77557b103,KXCABOUT-29-LM,2026-01-27T03:20:22.273638Z,46.00,0.0200,0.9800,yes
b3daf9f7-7036-501b-fd55-dae9289f6393,KXCABOUT-29-LM,2026-01-27T02:37:18.894747Z,46.00,0.0200,0.9800,yes
8ec24c8b-48b3-752c-eae0-f3dc1b0c7662,KXCABOUT-29-LM,2026-01-27T02:20:29.737705Z,20.00,0.0100,0.9900,no
b4d5a5bb-ba9f-6bb0-8c65-002a3cd126be,KXCABOUT-29-LM,2026-01-27T01:23:28.755144Z,29.00,0.0100,0.9900,no
7cc23c58-9707-6d3c-a0ab-bacaed544132,KXCABOUT-29-LM,2026-01-27T01:22:50.548456Z,29.00,0.0100,0.9900,no
c06f099d-13f3-4b34-0696-ec5684521dbe,KXCABOUT-29-LM,2026-01-27T01:21:28.786572Z,29.00,0.0100,0.9900,no
fa008aaa-06aa-77ef-6931-dacdc25ddd13,KXCABOUT-29-LM,2026-01-27T01:21:02.585652Z,60.00,0.0200,0.9800,yes
f1292d20-5790-7dcf-7b56-deca62fb49dc,KXCABOUT-29-LM,2026-01-27T01:21:02.585652Z,33.00,0.0200,0.9800,yes
d2b6e5c1-5557-4f94-b239-be0b86964e8e,KXCABOUT-29-LM,2026-01-27T00:59:34.226987Z,1.00,0.0100,0.9900,no
ef3ea867-5aa3-61e0-3458-87c4a369ecea,KXCABOUT-29-LM,2026-01-27T00:46:42.945836Z,7.00,0.0100,0.9900,no
89281c24-97b3-4028-da7f-9684e7f5d7d6,KXCABOUT-29-LM,2026-01-27T00:41:41.761505Z,7.00,0.0100,0.9900,no
89728c69-1bd7-7464-e941-d4c6a3b10c86,KXCABOUT-29-LM,2026-01-27T00:40:56.618046Z,7.00,0.0100,0.9900,no
72f77015-59b7-4388-75dc-f469932b4112,KXCABOUT-29-LM,2026-01-27T00:25:56.787335Z,1.00,0.0100,0.9900,no
adc0b06b-fc13-7bdc-b9eb-509d4fb2f36e,KXCABOUT-29-LM,2026-01-27T00:12:30.562019Z,1.00,0.0100,0.9900,no
56762aa8-4c77-54cc-dfda-b58e2f5848de,KXCABOUT-29-LM,2026-01-26T23:54:53.311385Z,1.00,0.0100,0.9900,no
46f40073-51bb-7398-8730-0d3e30c705ae,KXCABOUT-29-LM,2026-01-26T23:53:40.154882Z,1.00,0.0100,0.9900,no
cb09b143-32df-6d10-df1b-76ac9b0cf23e,KXCABOUT-29-LM,2026-01-26T23:39:56.992088Z,14.00,0.0100,0.9900,no
dfcbb6b1-6d58-4d5b-caac-ac9a8ce5d4e8,KXCABOUT-29-LM,2026-01-26T23:39:03.139705Z,250.00,0.0200,0.9800,yes
a911dbb2-6bbf-47b0-28a7-38d9ee1c2132,KXCABOUT-29-LM,2026-01-26T23:27:32.617791Z,5.00,0.0100,0.9900,no
0fa430ca-6b7f-6650-a7c6-ce17adeedd6e,KXCABOUT-29-LM,2026-01-26T23:26:57.161439Z,3.00,0.0100,0.9900,no
29030b9b-8f47-70a8-02ad-e1102c96b0a2,KXCABOUT-29-LM,2026-01-26T23:24:38.750298Z,1.00,0.0100,0.9900,no
e5e75b3f-73bf-4514-1232-a748721df53e,KXCABOUT-29-LM,2026-01-26T23:23:51.203232Z,1.00,0.0100,0.9900,no
b86d5254-bbf3-5c9c-fa18-1879d247332a,KXCABOUT-29-LM,2026-01-26T23:21:40.842913Z,1.00,0.0100,0.9900,no
6c754c61-463f-46c0-1985-2b6a1de7e542,KXCABOUT-29-LM,2026-01-26T23:20:17.973191Z,1.00,0.0100,0.9900,no
a2c4847a-884f-4f58-1f21-9a5dda68fc66,KXCABOUT-29-LM,2026-01-26T22:43:35.732661Z,39.00,0.0100,0.9900,no
74e44930-0574-504b-16e6-95d3b773f5f8,KXCABOUT-29-LM,2026-01-26T22:43:23.655987Z,93.00,0.0200,0.9800,yes
f43c15a5-89af-7ef8-69fb-aa65b61d995e,KXCABOUT-29-LM,2026-01-26T22:42:17.022917Z,6.00,0.0100,0.9900,no
3c97947c-7af7-732c-65b0-aa67a6fb7f0e,KXCABOUT-29-LM,2026-01-26T22:37:25.484322Z,1.00,0.0100,0.9900,no
a501259c-5e2b-5f90-d708-ae59ec6a679e,KXCABOUT-29-LM,2026-01-26T22:35:42.525939Z,1.00,0.0100,0.9900,no
97b3669f-0757-6398-f8ce-e1733cbea22e,KXCABOUT-29-LM,2026-01-26T21:16:03.50543Z,23.00,0.0100,0.9900,no
f58d0dd3-959b-5768-0670-628f4e2f7db2,KXCABOUT-29-LM,2026-01-26T20:29:00.03783Z,1.00,0.0100,0.9900,no
d12bdd3c-219b-7c68-3cb0-86f32eed8312,KXCABOUT-29-LM,2026-01-26T20:27:28.121587Z,4.00,0.0100,0.9900,no
e63cf61c-e3f7-64f4-f687-0c885de35f82,KXCABOUT-29-LM,2026-01-26T20:23:44.472251Z,1.00,0.0100,0.9900,no
a8952d66-37ef-6ff4-19fc-755f2911672a,KXCABOUT-29-LM,2026-01-26T20:21:01.90561Z,2.00,0.0100,0.9900,no
00a8c160-262f-51b0-1dde-0743534eb532,KXCABOUT-29-LM,2026-01-26T20:20:27.706302Z,2.00,0.0100,0.9900,no
661217a3-6c7f-5d44-27dd-7500f7977466,KXCABOUT-29-LM,2026-01-26T20:05:23.318631Z,53.00,0.0100,0.9900,no
1a8b4e07-c7a3-6d6c-fad3-d20f675dc682,KXCABOUT-29-LM,2026-01-26T20:03:41.880888Z,53.00,0.0100,0.9900,no
a05ea685-7e57-5e98-c722-e98bff077542,KXCABOUT-29-LM,2026-01-26T20:03:15.913042Z,4.00,0.0100,0.9900,no
71e6bab9-01f3-67b4-870d-275faf5de402,KXCABOUT-29-LM,2026-01-26T20:02:00.746947Z,1.00,0.0100,0.9900,no
1367a504-318c-404b-c574-4907cf17d480,KXCABOUT-29-LM,2026-01-26T20:02:00.693692Z,233.00,0.0200,0.9800,yes
5b241203-fe67-7638-4fce-5374d7f27f72,KXCABOUT-29-LM,2026-01-26T19:59:16.249283Z,2.00,0.0100,0.9900,no
073d699b-be03-6c10-8296-6d16f32ab632,KXCABOUT-29-LM,2026-01-26T19:58:13.211377Z,1.00,0.0100,0.9900,no
ec3731c1-fd53-7940-9378-9b8cafc21fd6,KXCABOUT-29-LM,2026-01-26T19:57:20.629959Z,1.00,0.0100,0.9900,no
a5d56d39-baef-49ec-98e5-5fcba0f3c10a,KXCABOUT-29-LM,2026-01-26T19:54:51.719212Z,1.00,0.0100,0.9900,no
cc9539d6-e087-57a8-0bb7-914805d32ce6,KXCABOUT-29-LM,2026-01-26T19:54:01.197734Z,1.00,0.0100,0.9900,no
d3b92570-644b-6bf4-9ccf-26792240e562,KXCABOUT-29-LM,2026-01-26T19:52:14.185833Z,1.00,0.0100,0.9900,no
078c4711-bd9b-40cc-840c-51505906dbb6,KXCABOUT-29-LM,2026-01-26T19:48:58.151048Z,1.00,0.0100,0.9900,no
e9c8bb12-13bf-59c8-3c31-328eeed65ca6,KXCABOUT-29-LM,2026-01-26T19:43:33.482859Z,1.00,0.0100,0.9900,no
9c780d9f-7907-647c-208c-72f465465cb6,KXCABOUT-29-LM,2026-01-26T19:07:04.43037Z,1.00,0.0100,0.9900,no
03df1d6d-af73-480c-6b9f-b98a0fd9c1c6,KXCABOUT-29-LM,2026-01-26T18:45:49.750786Z,1.00,0.0100,0.9900,no
e95dc48e-17ab-6c30-2de1-bdf67d060b8e,KXCABOUT-29-LM,2026-01-26T18:37:39.303946Z,2.00,0.0100,0.9900,no
31aa2c96-0307-4418-12ef-88b72439e9da,KXCABOUT-29-LM,2026-01-26T18:29:45.51308Z,1.00,0.0100,0.9900,no
1237df82-3ae3-6cd0-c100-3b1a21e051ce,KXCABOUT-29-LM,2026-01-26T18:28:13.534885Z,1.00,0.0100,0.9900,no
ed4b488b-a19b-7234-8ed9-a6369f7154aa,KXCABOUT-29-LM,2026-01-26T18:27:30.977367Z,1.00,0.0100,0.9900,no
f5f34e6e-60cb-4760-2024-cb9f6331f5ee,KXCABOUT-29-LM,2026-01-26T18:22:40.56647Z,1.00,0.0100,0.9900,no
e93d8b3e-036b-4f98-2543-03561b4dae22,KXCABOUT-29-LM,2026-01-26T18:04:06.866166Z,1.00,0.0100,0.9900,no
828f9aed-ebe7-60cc-8a3b-f620016de04a,KXCABOUT-29-LM,2026-01-26T18:00:44.120035Z,3.00,0.0100,0.9900,no
0a236a11-8dc7-42a4-ccaa-1da251e7137a,KXCABOUT-29-LM,2026-01-26T17:48:11.746011Z,1.00,0.0100,0.9900,no
75003ab5-5fb3-5464-1230-811215d39406,KXCABOUT-29-LM,2026-01-26T17:40:17.274985Z,1.00,0.0100,0.9900,no
f2b5dd7e-90a7-7530-1428-ec1f88f41d56,KXCABOUT-29-LM,2026-01-26T17:38:24.025913Z,1.00,0.0100,0.9900,no
2694f2d0-64bf-4654-f394-0f2e56a0b44a,KXCABOUT-29-LM,2026-01-26T17:26:38.3865Z,4.00,0.0100,0.9900,no
b5e7806c-83fb-7854-274a-b33960843a0e,KXCABOUT-29-LM,2026-01-26T17:24:42.591497Z,4.00,0.0100,0.9900,no
a3560342-487b-7d38-6b95-bf0dec16b2fa,KXCABOUT-29-LM,2026-01-26T17:18:33.181261Z,1.00,0.0100,0.9900,no
a8c47dc3-44b7-5c2c-b8f8-c2426ffd55fe,KXCABOUT-29-LM,2026-01-26T17:14:00.560727Z,1.00,0.0100,0.9900,no
e95250c1-bf0f-67fc-73eb-4dc9b0bd7e52,KXCABOUT-29-LM,2026-01-26T15:39:28.15733Z,1.00,0.0100,0.9900,no
7a82bc02-35cf-5fdc-e17c-44af69e3812a,KXCABOUT-29-LM,2026-01-26T15:27:46.658529Z,1.00,0.0100,0.9900,no
f22ee3c8-7cf3-461c-b920-74fdead0227a,KXCABOUT-29-LM,2026-01-26T15:24:38.841442Z,1.00,0.0100,0.9900,no
71effc78-586b-6884-fc17-d65f3bc0e88e,KXCABOUT-29-LM,2026-01-26T15:23:29.97475Z,1.00,0.0100,0.9900,no
c19a28db-f3b3-5ce0-41b9-24e6d3f80a8a,KXCABOUT-29-LM,2026-01-26T15:21:06.627228Z,1.00,0.0100,0.9900,no
390af34b-8387-5cf8-bb50-e8845caa08ae,KXCABOUT-29-LM,2026-01-26T15:18:00.222127Z,1.00,0.0100,0.9900,no
72b0fcc6-cad3-41d0-4179-3ad9003628ba,KXCABOUT-29-LM,2026-01-26T15:12:00.772907Z,1.00,0.0100,0.9900,no
ab41d066-21c3-6828-4d6c-220c060e7396,KXCABOUT-29-LM,2026-01-26T15:11:34.233831Z,1.00,0.0100,0.9900,no
ec2711da-5137-57f0-4a7f-d9ff42963962,KXCABOUT-29-LM,2026-01-26T15:09:46.489666Z,2.00,0.0100,0.9900,no
5459afb0-77d7-61c8-76fe-10b7ca989932,KXCABOUT-29-LM,2026-01-26T15:08:01.90554Z,1.00,0.0100,0.9900,no
11eaa955-50a3-4760-c7c7-4c6097d8f47e,KXCABOUT-29-LM,2026-01-26T15:06:40.230779Z,1.00,0.0100,0.9900,no
eb2d1764-33d3-5fe8-b65e-2ad9a9a4f0ae,KXCABOUT-29-LM,2026-01-26T15:04:31.867496Z,1.00,0.0100,0.9900,no
9de52a92-d35f-5d1c-de2e-ff04d0b20c4e,KXCABOUT-29-LM,2026-01-26T12:30:10.702369Z,1.00,0.0100,0.9900,no
14e8e64a-1ecf-59fc-4706-87c86c6f5442,KXCABOUT-29-LM,2026-01-26T12:02:00.455529Z,1.00,0.0100,0.9900,no
b6fe22bf-263b-4cf4-e670-85af92d9fe86,KXCABOUT-29-LM,2026-01-26T11:23:55.2525Z,1.00,0.0100,0.9900,no
ea6c85b6-c89f-4668-5d60-c52ef46aae4a,KXCABOUT-29-LM,2026-01-26T09:11:19.387905Z,4.00,0.0100,0.9900,no
9126b74f-841b-50c8-a8d1-a8319d4613fa,KXCABOUT-29-LM,2026-01-26T08:38:06.798666Z,1.00,0.0100,0.9900,no
065919c0-2273-6a64-2c8c-73d270c79232,KXCABOUT-29-LM,2026-01-26T07:41:56.513312Z,2.00,0.0100,0.9900,no
4150c534-39e7-7870-bc3e-c6d783907c8e,KXCABOUT-29-LM,2026-01-26T07:33:46.139678Z,1.00,0.0100,0.9900,no
f895e311-3b6f-4f18-f7e7-dc2f6ab84af6,KXCABOUT-29-LM,2026-01-26T06:55:49.704213Z,1.00,0.0100,0.9900,no
85d7c5b8-dfe7-5a2c-34f8-9da236368eda,KXCABOUT-29-LM,2026-01-26T06:50:17.314059Z,1.00,0.0100,0.9900,no
05533d8e-1ac7-4a14-86a6-c4479dc86ad6,KXCABOUT-29-LM,2026-01-26T06:49:00.834155Z,2.00,0.0100,0.9900,no
e89f402a-99a3-41f0-72f6-3420bbddf8f2,KXCABOUT-29-LM,2026-01-26T06:45:26.795614Z,1.00,0.0100,0.9900,no
9fd5a3ab-211f-7c7c-4736-7d35079f8d3e,KXCABOUT-29-LM,2026-01-26T06:34:04.881696Z,1.00,0.0100,0.9900,no
881c03ef-8da7-7dfc-609a-885a28ce212e,KXCABOUT-29-LM,2026-01-26T06:16:07.355022Z,1.00,0.0100,0.9900,no
3aec5409-05f3-417c-91fe-a2c5fdcadad6,KXCABOUT-29-LM,2026-01-26T06:06:00.521275Z,1.00,0.0100,0.9900,no
58d2920b-c18b-43f8-1b1c-3bf609a20c5e,KXCABOUT-29-LM,2026-01-26T04:41:42.765866Z,39.00,0.0100,0.9900,no
810ccbeb-92b7-5bdc-2989-a218889a8106,KXCABOUT-29-LM,2026-01-26T03:18:20.820045Z,2.00,0.0100,0.9900,no
ab99ada0-d32b-7e04-68de-1f9e0dd8925e,KXCABOUT-29-LM,2026-01-26T03:14:44.594529Z,2.00,0.0100,0.9900,no
d961519d-32b3-67c8-42c2-79ba30b4f99a,KXCABOUT-29-LM,2026-01-26T03:13:56.526824Z,1.00,0.0100,0.9900,no
34ceb3bb-ad67-5ab8-864c-0b430e0ed216,KXCABOUT-29-LM,2026-01-26T03:12:05.133759Z,1.00,0.0100,0.9900,no
cca3fb9e-10a7-581c-df9f-69091d031d2a,KXCABOUT-29-LM,2026-01-26T03:08:57.07378Z,1.00,0.0100,0.9900,no
472e2d76-6627-54c0-5a82-8139ceadd1ca,KXCABOUT-29-LM,2026-01-26T03:06:56.384001Z,1.00,0.0100,0.9900,no
ee47db7f-b7e7-5ec4-5ce2-3f2aac87f67e,KXCABOUT-29-LM,2026-01-26T03:05:15.147441Z,1.00,0.0100,0.9900,no
b6f96c4f-2d77-4528-07a4-e09a9f54965a,KXCABOUT-29-LM,2026-01-26T03:04:13.524166Z,1.00,0.0100,0.9900,no
d4d477e7-beff-6e84-f0be-29035bba2b5a,KXCABOUT-29-LM,2026-01-26T02:59:04.439588Z,5.00,0.0100,0.9900,no
7aa02ece-feb7-64c0-4478-91a38967793e,KXCABOUT-29-LM,2026-01-26T02:56:37.040634Z,2.00,0.0100,0.9900,no
357bfce3-c4a7-4374-618b-fce58878525a,KXCABOUT-29-LM,2026-01-26T01:35:24.777123Z,24.00,0.0100,0.9900,no
1bf1fed6-fc57-4c0c-8118-4a43051d9e02,KXCABOUT-29-LM,2026-01-26T01:34:03.300473Z,24.00,0.0100,0.9900,no
18946423-b7f0-6573-34b3-e041db5c7eb8,KXCABOUT-29-LM,2026-01-26T01:33:38.444328Z,200.00,0.0200,0.9800,yes
09d50171-a2a7-4a10-e846-351ff319aa7e,KXCABOUT-29-LM,2026-01-25T21:43:47.78842Z,23.00,0.0100,0.9900,no
088d8310-2667-6398-9dc6-3d4842054906,KXCABOUT-29-LM,2026-01-25T21:42:34.249805Z,23.00,0.0100,0.9900,no
9984ab46-693f-76b8-b66c-46bcd084d00e,KXCABOUT-29-LM,2026-01-25T21:41:51.198662Z,23.00,0.0100,0.9900,no
031b2106-cdaf-6d10-f0a5-c0e4c38f5b6e,KXCABOUT-29-LM,2026-01-25T21:30:27.645512Z,23.00,0.0100,0.9900,no
3184a132-081b-4360-80c9-a6a63806c4a6,KXCABOUT-29-LM,2026-01-25T21:26:26.2132Z,23.00,0.0100,0.9900,no
a7d0ad06-f237-581c-3877-215195e39386,KXCABOUT-29-LM,2026-01-25T21:14:25.288886Z,23.00,0.0100,0.9900,no
80d30f48-2fd7-6e90-94c6-9acb084b409a,KXCABOUT-29-LM,2026-01-25T21:13:38.886862Z,23.00,0.0100,0.9900,no
b052beba-b9cf-5608-6732-c51a87cee03a,KXCABOUT-29-LM,2026-01-25T21:03:39.551064Z,23.00,0.0100,0.9900,no
b9b87e11-ec7c-76ab-6e99-3d5f4fa240ac,KXCABOUT-29-LM,2026-01-25T20:59:05.065604Z,46.00,0.0200,0.9800,yes
0ee62119-bd6b-56cc-880c-b5f18d65643e,KXCABOUT-29-LM,2026-01-25T19:14:11.469602Z,55.00,0.0100,0.9900,no
ed3c30f9-6f0d-6045-6421-5169808ccfad,KXCABOUT-29-LM,2026-01-25T19:13:43.842856Z,1000.00,0.0200,0.9800,yes
7f03b4fc-8636-6dc4-59bc-9d449cc1256a,KXCABOUT-29-LM,2026-01-25T19:13:43.842856Z,24.00,0.0200,0.9800,yes
541149d9-3cf8-63cb-5d8a-16b568f3d26c,KXCABOUT-29-LM,2026-01-25T19:13:43.842856Z,145.00,0.0200,0.9800,yes
57abf7be-1eb6-6bdc-9a25-03bc258ef3d2,KXCABOUT-29-LM,2026-01-25T15:44:54.621948Z,4.00,0.0200,0.9800,yes
283bfc39-8d3b-6a24-31da-53c9c9fa4262,KXCABOUT-29-LM,2026-01-25T14:38:19.043499Z,7.00,0.0100,0.9900,no
d4422ec8-93ab-7bd4-b667-4f41b1f31a7a,KXCABOUT-29-LM,2026-01-25T03:35:07.829352Z,48.00,0.0100,0.9900,no
6f63d9c6-d02b-6028-318e-0d60fc9c7412,KXCABOUT-29-LM,2026-01-25T03:32:55.369492Z,48.00,0.0100,0.9900,no
a4241f7f-72b7-4e34-eef1-5de4aaafa55e,KXCABOUT-29-LM,2026-01-25T03:32:09.559614Z,48.00,0.0100,0.9900,no
68d4e81f-4e7b-6900-9eee-8eb4dd9fca0e,KXCABOUT-29-LM,2026-01-25T03:23:56.819853Z,1.00,0.0100,0.9900,no
2b273c46-2ebb-5684-94a5-b3487d200656,KXCABOUT-29-LM,2026-01-25T03:12:43.823258Z,1.00,0.0100,0.9900,no
d2d319ce-94d3-4738-4d67-726caf28c5d2,KXCABOUT-29-LM,2026-01-25T02:50:15.349658Z,1.00,0.0100,0.9900,no
d49420f2-fd1b-79c4-a2ba-52b63e418b36,KXCABOUT-29-LM,2026-01-25T02:47:34.082806Z,1.00,0.0100,0.9900,no
af2131d1-6383-5b28-6f00-cbaada3b40ce,KXCABOUT-29-LM,2026-01-25T02:39:19.089255Z,1.00,0.0100,0.9900,no
1e047464-7a47-49e4-d880-8accff43c7e2,KXCABOUT-29-LM,2026-01-25T02:34:06.319033Z,1.00,0.0100,0.9900,no
99837056-82b7-6950-83f6-e53212666afe,KXCABOUT-29-LM,2026-01-25T02:26:55.830964Z,1.00,0.0100,0.9900,no
fe93478f-38f7-6c08-27b3-9a4b97c5f32a,KXCABOUT-29-LM,2026-01-25T00:55:57.547087Z,1000.00,0.0100,0.9900,no
a3ab26ca-9183-404c-6c11-5ae6f64cebd2,KXCABOUT-29-LM,2026-01-24T23:16:53.022342Z,6.00,0.0100,0.9900,no
5de89b81-c39f-72f8-a101-1f65ec6ef2e6,KXCABOUT-29-LM,2026-01-24T23:12:57.681051Z,6.00,0.0100,0.9900,no
8a4aa573-9edb-6be8-2be7-eca4cde4a86e,KXCABOUT-29-LM,2026-01-24T23:11:49.62089Z,6.00,0.0100,0.9900,no
0f8f0989-1873-7264-2a12-be65fca1b0fe,KXCABOUT-29-LM,2026-01-24T23:06:27.048359Z,6.00,0.0100,0.9900,no
8c66f135-705b-7f5c-ae63-61a7e99b77d2,KXCABOUT-29-LM,2026-01-24T21:42:14.826609Z,32.00,0.0100,0.9900,no
4d024aef-256f-66e8-fba2-f6194e039bfa,KXCABOUT-29-LM,2026-01-24T20:56:04.014294Z,4.00,0.0100,0.9900,no
2cfe5a18-64cb-4a24-96ab-947128957fd2,KXCABOUT-29-LM,2026-01-24T20:54:55.714799Z,5.00,0.0100,0.9900,no
d6171e33-1cce-4558-9e4f-87db622a28ee,KXCABOUT-29-LM,2026-01-24T18:58:22.671732Z,23.00,0.0200,0.9800,yes
7a476c51-b953-63e8-ba4f-95060ab5442e,KXCABOUT-29-LM,2026-01-24T18:35:35.121949Z,7.00,0.0100,0.9900,no
73ba839d-54fb-7f0c-2fde-3b9aea5fb85a,KXCABOUT-29-LM,2026-01-24T14:17:32.835588Z,2.00,0.0100,0.9900,no
fa6c6d25-349b-7818-1aec-fe5e9fd978aa,KXCABOUT-29-LM,2026-01-24T11:10:30.68502Z,2.00,0.0100,0.9900,no
f5350899-24ef-6e3c-3083-cf151e17ef6a,KXCABOUT-29-LM,2026-01-24T04:36:28.013001Z,4.00,0.0100,0.9900,no
6906a9bb-897e-75e0-a1a9-b1d30723e746,KXCABOUT-29-LM,2026-01-24T04:36:11.084682Z,467.00,0.0200,0.9800,yes
55b1fa09-69d7-6d18-c20f-44aa2762d3ba,KXCABOUT-29-LM,2026-01-24T04:28:14.895191Z,10.00,0.0100,0.9900,no
ca7ebdc3-80ab-4378-08a0-01b0d7bc8396,KXCABOUT-29-LM,2026-01-24T03:31:27.548195Z,1.00,0.0100,0.9900,no
ad1361d7-aaf7-76dc-0562-5d3b8ec7a462,KXCABOUT-29-LM,2026-01-24T03:13:09.8691Z,1.00,0.0100,0.9900,no
fb3ec2c7-f0d3-6f14-974e-d95d77fc4d96,KXCABOUT-29-LM,2026-01-24T02:25:34.232328Z,1.00,0.0100,0.9900,no
cfa1ec4b-67be-7364-0272-ab0a79da2bce,KXCABOUT-29-LM,2026-01-24T02:25:28.169963Z,46.00,0.0200,0.9800,yes
0ce92194-2a6a-41ec-ce8b-f4dfc4e8fed2,KXCABOUT-29-LM,2026-01-24T00:50:09.864206Z,46.00,0.0200,0.9800,yes
22c0bd85-52c7-7564-1d08-592b625dee26,KXCABOUT-29-LM,2026-01-23T23:52:18.755283Z,96.00,0.0100,0.9900,no
2f8ea221-ea73-69d8-b349-20e1837376ae,KXCABOUT-29-LM,2026-01-23T18:57:52.675188Z,7.00,0.0100,0.9900,no
51d6f072-e55a-7838-fa43-c254281eff4a,KXCABOUT-29-LM,2026-01-23T13:14:16.139525Z,298.00,0.0200,0.9800,yes
460c482d-07e9-732f-e3f5-3e2f741fee14,KXCABOUT-29-LM,2026-01-23T13:14:16.139525Z,403.00,0.0200,0.9800,yes
9cf49c0b-a8e1-6adf-87fe-c827b9aa4260,KXCABOUT-29-LM,2026-01-23T10:23:40.03541Z,93.00,0.0200,0.9800,yes
f131089e-6241-7927-21f4-db5916645b5c,KXCABOUT-29-LM,2026-01-23T05:07:41.529946Z,46.00,0.0200,0.9800,yes
4e2fc215-7d1b-5518-16d4-efa5955e250e,KXCABOUT-29-LM,2026-01-23T04:25:14.603159Z,1.00,0.0100,0.9900,no
64a25b76-b067-54b0-1401-b4458ca9230e,KXCABOUT-29-LM,2026-01-23T02:45:14.794831Z,4.00,0.0100,0.9900,no
65753eba-308b-68e8-699e-edaace73e91a,KXCABOUT-29-LM,2026-01-23T02:45:09.276588Z,297.00,0.0100,0.9900,no
f2f33c19-ea37-7fdc-20f6-78097366fd2e,KXCABOUT-29-LM,2026-01-22T22:17:31.691664Z,12.00,0.0100,0.9900,no
a70d75e5-b3a2-59df-ddca-89756832f5d2,KXCABOUT-29-LM,2026-01-22T18:35:18.527847Z,9.00,0.0200,0.9800,yes
71624ebe-bc01-5cff-d37b-84d91a06bd9c,KXCABOUT-29-LM,2026-01-22T18:35:18.527847Z,458.00,0.0200,0.9800,yes
9bd94770-821f-61f8-6cab-29f48ec4b22a,KXCABOUT-29-LM,2026-01-22T15:40:47.825708Z,100.00,0.0100,0.9900,no
4a75b7a7-ee7a-4893-b386-6712f1b32b8e,KXCABOUT-29-LM,2026-01-22T12:34:56.145202Z,140.00,0.0200,0.9800,yes
8d2042fc-bdae-7403-7992-9a58a2352182,KXCABOUT-29-LM,2026-01-22T01:29:07.358507Z,46.00,0.0200,0.9800,yes
185eb797-7992-6a67-0209-2c3893ed7f12,KXCABOUT-29-LM,2026-01-22T00:38:11.773353Z,46.00,0.0200,0.9800,yes
aa50133b-0f12-4e87-c277-182a901584b2,KXCABOUT-29-LM,2026-01-21T22:06:56.526806Z,93.00,0.0200,0.9800,yes
0ab9fd03-2a6e-700b-e8e0-09cd5919bcb6,KXCABOUT-29-LM,2026-01-21T18:21:21.74455Z,93.00,0.0200,0.9800,yes
d8a096e7-4b6a-7eff-c5d9-eaaccccbfc52,KXCABOUT-29-LM,2026-01-21T16:55:31.481324Z,46.00,0.0200,0.9800,yes
e9cbbca3-16db-6414-6bb1-bb183ae43046,KXCABOUT-29-LM,2026-01-21T16:39:57.524526Z,35.00,0.0100,0.9900,no
6a2f9bf7-772a-4907-9c71-e6e059b34dce,KXCABOUT-29-LM,2026-01-21T16:23:18.230768Z,46.00,0.0200,0.9800,yes
e1309460-4042-5ae3-d048-4cad00fe5396,KXCABOUT-29-LM,2026-01-21T15:58:13.887984Z,46.00,0.0200,0.9800,yes
4baa5a8c-51a2-67fb-2f56-3b0cc6b68b2e,KXCABOUT-29-LM,2026-01-21T14:49:18.277844Z,46.00,0.0200,0.9800,yes
83520a5a-b82a-647f-db4d-70d028b34be6,KXCABOUT-29-LM,2026-01-21T12:45:41.329101Z,467.00,0.0200,0.9800,yes
2c105d91-a527-7780-02f9-942e16e13fea,KXCABOUT-29-LM,2026-01-21T08:54:34.868842Z,444.00,0.0100,0.9900,no
c2b855e6-019a-7fa7-b2f7-2f3b9f100072,KXCABOUT-29-LM,2026-01-21T08:54:27.615874Z,444.00,0.0200,0.9800,yes
88a565cf-25d2-4e13-e179-3508739b048e,KXCABOUT-29-LM,2026-01-21T08:10:31.805839Z,4.00,0.0200,0.9800,yes
4350616e-ffe2-50af-fa06-07ff590c3992,KXCABOUT-29-LM,2026-01-21T05:45:31.70266Z,10.00,0.0200,0.9800,yes
93f68acb-6ffe-4fdb-368c-892ecc37fcc6,KXCABOUT-29-LM,2026-01-20T06:43:42.703093Z,1.00,0.0200,0.9800,yes
8adda899-80bb-4544-2947-57b4f942da16,KXCABOUT-29-LM,2026-01-20T04:54:04.416605Z,312.00,0.0100,0.9900,no
2056f340-9c4a-544b-9b63-a396feb462c2,KXCABOUT-29-LM,2026-01-20T03:02:52.454429Z,93.00,0.0200,0.9800,yes
616877ef-bc32-5864-053b-f9a332fabc6f,KXCABOUT-29-LM,2026-01-20T02:41:39.599912Z,185.00,0.0100,0.9900,no
3b1aa9a4-0ea3-5604-2672-80a16bd31b1e,KXCABOUT-29-LM,2026-01-20T02:41:39.599912Z,955.00,0.0100,0.9900,no
d2735384-ed8a-50e8-d175-6068d8c392ef,KXCABOUT-29-LM,2026-01-20T01:22:06.188424Z,93.00,0.0100,0.9900,no
c798deab-fd92-6587-13a4-e0edb708e086,KXCABOUT-29-LM,2026-01-19T23:33:26.797832Z,93.00,0.0200,0.9800,yes
09c45606-7e3e-7ed3-5732-a642b56649ce,KXCABOUT-29-LM,2026-01-19T15:25:55.583646Z,46.00,0.0200,0.9800,yes
1c6eef2f-3132-68b7-2095-770180f45a76,KXCABOUT-29-LM,2026-01-19T10:46:48.830939Z,46.00,0.0200,0.9800,yes
9f80b21b-beee-6ffb-c3e2-8021af55a4da,KXCABOUT-29-LM,2026-01-19T04:50:07.624907Z,46.00,0.0200,0.9800,yes
ee40a8e1-0542-714b-16b4-15061c0c6dc6,KXCABOUT-29-LM,2026-01-19T04:03:19.261691Z,93.00,0.0200,0.9800,yes
bad14185-2b22-51e7-a28f-c63d84699eba,KXCABOUT-29-LM,2026-01-19T03:22:42.522723Z,46.00,0.0200,0.9800,yes
c703676c-c256-5cc8-86fc-3d4d348d4ddf,KXCABOUT-29-LM,2026-01-19T02:29:39.219209Z,467.00,0.0100,0.9900,no
e06da46c-6f2c-534c-0d0c-0282b19f516e,KXCABOUT-29-LM,2026-01-18T22:35:46.768931Z,23.00,0.0200,0.9800,yes
77e178ef-3502-787e-165e-c1d2c24c5ee1,KXCABOUT-29-LM,2026-01-18T18:18:06.337037Z,233.00,0.0200,0.9800,yes
20bbb925-d6fb-7d41-6fdc-bf0db5ed0332,KXCABOUT-29-LM,2026-01-18T17:57:56.37434Z,88.00,0.0200,0.9800,yes
1e0e2131-a6ae-70e9-7f33-56e5ce454fb4,KXCABOUT-29-LM,2026-01-18T17:57:56.37434Z,5.00,0.0200,0.9800,yes
68df1c92-83da-782c-4422-a78e086c718f,KXCABOUT-29-LM,2026-01-18T12:56:46.087668Z,23.00,0.0100,0.9900,no
433c7d76-ec72-580c-4e3e-9f0ec3a0c9c3,KXCABOUT-29-LM,2026-01-17T22:18:16.583923Z,46.00,0.0100,0.9900,no
f4099f0d-1ed3-5345-c13f-92659d6d5a91,KXCABOUT-29-LM,2026-01-17T19:18:35.210475Z,1.00,0.0200,0.9800,yes
35b2131a-b305-51c2-e649-eb508e1a33da,KXCABOUT-29-LM,2026-01-17T19:18:35.210475Z,92.00,0.0200,0.9800,yes
14ba6d58-12fa-6794-aff6-71edb59dbfb7,KXCABOUT-29-LM,2026-01-17T19:17:08.043636Z,1.00,0.0100,0.9900,no
fb0eb066-afad-6111-10b0-fab67fb28017,KXCABOUT-29-LM,2026-01-17T08:04:32.42746Z,1000.00,0.0200,0.9800,yes
d7f9216a-b301-6aa3-3a1a-db8230f7c887,KXCABOUT-29-LM,2026-01-17T08:04:32.42746Z,989.00,0.0200,0.9800,yes
d34286b7-4b92-6767-17bd-2a194a897911,KXCABOUT-29-LM,2026-01-17T08:04:32.42746Z,15.00,0.0300,0.9700,yes
9c843319-0dc0-69ad-01c0-9f76ab925ab7,KXCABOUT-29-LM,2026-01-17T08:04:32.42746Z,1000.00,0.0200,0.9800,yes
87e15bce-0cf0-6d13-2b1c-ffd81aafd128,KXCABOUT-29-LM,2026-01-17T08:04:32.42746Z,1000.00,0.0200,0.9800,yes
586a8136-d4df-6a03-2bc4-7f8bcf5297cc,KXCABOUT-29-LM,2026-01-17T08:04:32.42746Z,23.00,0.0300,0.9700,yes
43008cb1-2240-64bc-0836-3ceb3481e758,KXCABOUT-29-LM,2026-01-17T08:04:32.42746Z,54.00,0.0200,0.9800,yes
419549c8-b00e-6bea-1e10-758a3fcc97f4,KXCABOUT-29-LM,2026-01-17T08:04:32.42746Z,308.00,0.0300,0.9700,yes
0349c7b7-2a5c-6a1e-00b5-f01ccec698ce,KXCABOUT-29-LM,2026-01-17T08:04:32.42746Z,58.00,0.0400,0.9600,yes
2d808d43-6bfe-6580-dfea-021b7927dceb,KXCABOUT-29-LM,2026-01-17T02:24:10.197323Z,7.00,0.0100,0.9900,no
a326b071-3f2c-704c-90a4-e0c3e1d08d70,KXCABOUT-29-LM,2026-01-16T23:41:31.111689Z,467.00,0.0200,0.9800,yes
6ee724e3-f646-4098-2371-d7bb8bfe79bf,KXCABOUT-29-LM,2026-01-16T22:43:17.800247Z,4.00,0.0100,0.9900,no
fe4fe51f-2296-4a10-2c8d-437589061b1b,KXCABOUT-29-LM,2026-01-16T21:25:29.160569Z,5.00,0.0100,0.9900,no
988440c6-a8a2-74a0-c79c-9165140d3133,KXCABOUT-29-LM,2026-01-16T21:02:56.255256Z,46.00,0.0100,0.9900,no
62df60fb-daf8-630c-62d5-7e0a986c8a50,KXCABOUT-29-LM,2026-01-16T19:09:42.877104Z,46.00,0.0200,0.9800,yes
49091ba5-8eb6-6690-28c3-1b20dd2fbcdb,KXCABOUT-29-LM,2026-01-16T19:08:02.024892Z,23.00,0.0100,0.9900,no
4684bccf-ae78-58d8-6e7e-c4d3f0c66010,KXCABOUT-29-LM,2026-01-16T08:07:09.369825Z,9.00,0.0200,0.9800,yes
e9faad10-7db9-483d-1677-3dd1b87b39df,KXCABOUT-29-LM,2026-01-16T07:24:32.236203Z,2000.00,0.0200,0.9800,yes
e062bd49-a800-47fa-0e3f-390044374b7a,KXCABOUT-29-LM,2026-01-16T07:24:32.236203Z,255.00,0.0200,0.9800,yes
1f4063b5-6ef9-41f4-1240-01d5103dad3d,KXCABOUT-29-LM,2026-01-16T07:24:32.236203Z,1000.00,0.0200,0.9800,yes
184b6d23-6e00-4be0-1c86-4a50e640bafc,KXCABOUT-29-LM,2026-01-16T07:24:32.236203Z,424.00,0.0200,0.9800,yes
0763ac90-ab19-4457-369b-a5ab65a90940,KXCABOUT-29-LM,2026-01-16T07:24:32.236203Z,1000.00,0.0200,0.9800,yes
22471e27-d520-5206-5488-c37c06c5e0ee,KXCABOUT-29-LM,2026-01-16T02:00:22.893958Z,46.00,0.0200,0.9800,yes
5b26956f-8f72-6a50-46cb-81a74a2d8a4f,KXCABOUT-29-LM,2026-01-15T23:36:59.201861Z,46.00,0.0100,0.9900,no
56b64e0b-136a-5b18-5991-4d31360ada87,KXCABOUT-29-LM,2026-01-15T22:55:57.369604Z,30.00,0.0100,0.9900,no
d9da101e-7df0-7e4e-4a33-34ca6e46ae9e,KXCABOUT-29-LM,2026-01-15T21:26:45.217469Z,467.00,0.0200,0.9800,yes
63bf5f32-cb40-648a-a4af-98cf7200d5e2,KXCABOUT-29-LM,2026-01-15T16:08:43.78159Z,93.00,0.0200,0.9800,yes
04ef871e-7cc4-74f2-3754-58b592607336,KXCABOUT-29-LM,2026-01-15T07:50:29.085121Z,93.00,0.0200,0.9800,yes
82cad0cd-a55c-5c8a-ab9a-c9492ad4e656,KXCABOUT-29-LM,2026-01-15T03:29:14.605403Z,46.00,0.0200,0.9800,yes
53436767-0891-767b-cda6-c4f3141e971e,KXCABOUT-29-LM,2026-01-15T02:15:33.865048Z,93.00,0.0200,0.9800,yes
a71ee210-db86-7adf-e764-0b8c94086985,KXCABOUT-29-LM,2026-01-15T02:15:04.772003Z,10.00,0.0200,0.9800,yes
6511da57-7f8e-7192-e50b-d5e5092bb378,KXCABOUT-29-LM,2026-01-15T02:15:04.772003Z,149.00,0.0300,0.9700,yes
afbb3bdf-c5ce-666f-e863-842579763e19,KXCABOUT-29-LM,2026-01-15T01:51:14.808249Z,46.00,0.0200,0.9800,yes
f617bcd2-89fe-7284-9c5d-414e71c38843,KXCABOUT-29-LM,2026-01-15T01:50:46.950033Z,1.00,0.0100,0.9900,no
52232ff2-1186-49cc-3f4a-d2c45adf0323,KXCABOUT-29-LM,2026-01-15T01:46:46.733352Z,2.00,0.0100,0.9900,no
f8522dc3-cd16-6f2c-9c86-7fae608daed3,KXCABOUT-29-LM,2026-01-15T01:42:48.566377Z,1.00,0.0100,0.9900,no
b8277f9c-7eaa-6f90-ade7-c65721843897,KXCABOUT-29-LM,2026-01-15T01:08:52.73519Z,1.00,0.0100,0.9900,no
1b79cde1-0d82-5880-521f-9a4386a0a32b,KXCABOUT-29-LM,2026-01-15T01:06:15.333577Z,1.00,0.0100,0.9900,no
8b75609c-5425-65b2-b648-6badad16484a,KXCABOUT-29-LM,2026-01-15T00:51:52.538898Z,1.00,0.0200,0.9800,yes
86d20fea-3750-6f1a-a763-0a730dfbc4b0,KXCABOUT-29-LM,2026-01-15T00:51:52.538898Z,1.00,0.0200,0.9800,yes
04165747-eb96-62db-b86e-9afdfc835ff1,KXCABOUT-29-LM,2026-01-15T00:51:52.538898Z,44.00,0.0200,0.9800,yes
b621059a-e836-7748-4a88-72900fe10ef7,KXCABOUT-29-LM,2026-01-15T00:14:56.320208Z,7.00,0.0100,0.9900,no
f209da94-da82-5494-963c-87eb288aac0f,KXCABOUT-29-LM,2026-01-15T00:04:16.94704Z,3.00,0.0100,0.9900,no
0557afa3-9f86-6abc-f2e9-cafde9dbe03f,KXCABOUT-29-LM,2026-01-14T23:54:35.87061Z,1.00,0.0100,0.9900,no
8d833bab-6312-72b0-1854-5f206be219f3,KXCABOUT-29-LM,2026-01-14T23:54:06.585874Z,1.00,0.0100,0.9900,no
0618de22-5b9e-7aa0-68b5-fd19e0eb916f,KXCABOUT-29-LM,2026-01-14T23:49:44.197385Z,1.00,0.0100,0.9900,no
f215ef4a-8113-76c6-43b1-b795b9f968ad,KXCABOUT-29-LM,2026-01-14T23:37:36.989327Z,2.00,0.0100,0.9900,yes
cd595802-65a7-7d16-7a0a-072d60a088ff,KXCABOUT-29-LM,2026-01-14T23:37:36.989327Z,1.00,0.0100,0.9900,yes
30ed0a6f-3ce9-700a-7681-b7715ba42a4f,KXCABOUT-29-LM,2026-01-14T23:37:36.989327Z,2.00,0.0100,0.9900,yes
f192e8c7-0d2e-66ce-c9ff-4af147a30a5d,KXCABOUT-29-LM,2026-01-14T22:39:37.007554Z,25.00,0.0200,0.9800,yes
750c9a00-fe58-632e-ff26-dc1124c11151,KXCABOUT-29-LM,2026-01-14T22:39:37.007554Z,774.00,0.0100,0.9900,yes
704d0664-ab37-6c32-dcb0-f6bef7630996,KXCABOUT-29-LM,2026-01-14T22:39:37.007554Z,1000.00,0.0100,0.9900,yes
36e7d947-ff57-6f7a-f64d-2bb2651e0fe0,KXCABOUT-29-LM,2026-01-14T22:39:37.007554Z,100.00,0.0100,0.9900,yes
3684e241-f183-6790-db1c-64c4cbedfed2,KXCABOUT-29-LM,2026-01-14T22:39:37.007554Z,588.00,0.0100,0.9900,yes
34d8dfe3-ce16-64fe-c351-dde748e15d0c,KXCABOUT-29-LM,2026-01-14T22:39:37.007554Z,435.00,0.0300,0.9700,yes
14f722c6-e383-6dbc-e341-4276a89b6efd,KXCABOUT-29-LM,2026-01-14T22:39:37.007554Z,1000.00,0.0100,0.9900,yes
8958b586-f83b-51f0-3834-1274dc474e9e,KXCABOUT-29-LM,2026-01-14T21:34:49.260548Z,93.00,0.0100,0.9900,yes
352d6625-ef17-7494-27e7-b8544037c15a,KXCABOUT-29-LM,2026-01-14T19:35:36.821508Z,9.00,0.0100,0.9900,yes
e0029e21-cdd3-40f0-8aad-0ef62bc98f22,KXCABOUT-29-LM,2026-01-14T18:26:39.619871Z,280.00,0.0100,0.9900,yes
f67d4b16-a253-5c2c-316f-6a9523bb20b6,KXCABOUT-29-LM,2026-01-14T04:33:49.554664Z,467.00,0.0100,0.9900,yes
ced94859-cd0b-71d0-f566-28c8b86f69f6,KXCABOUT-29-LM,2026-01-14T04:01:36.78514Z,187.00,0.0100,0.9900,yes
ec36deaa-5ba3-6eac-33ab-12c80f25438e,KXCABOUT-29-LM,2026-01-14T00:04:14.392612Z,93.00,0.0100,0.9900,yes
ea00116d-b653-5884-5694-fc12b5164fd6,KXCABOUT-29-LM,2026-01-13T21:55:04.318314Z,93.00,0.0100,0.9900,yes
af22d1de-4ad7-5924-76c0-14c447d13b3e,KXCABOUT-29-LM,2026-01-13T21:53:33.731626Z,46.00,0.0100,0.9900,yes
c5878254-e22f-7600-0c86-9702daba2106,KXCABOUT-29-LM,2026-01-13T21:45:58.274125Z,144.00,0.0100,0.9900,yes
beb3fbaa-e03e-7f9e-34e8-ad915f3a3314,KXCABOUT-29-LM,2026-01-13T21:45:58.274125Z,43.00,0.0100,0.9900,yes
1a0163b1-9a8a-4862-05fe-d2ac4ca19998,KXCABOUT-29-LM,2026-01-13T21:19:28.036819Z,100.00,0.0100,0.9900,yes
fb97a08b-babe-4476-579e-b2742dd1bfd0,KXCABOUT-29-LM,2026-01-13T21:15:22.290123Z,50.00,0.0100,0.9900,yes
dbf5e3f6-9eae-5ab2-cbd7-f159a27416d4,KXCABOUT-29-LM,2026-01-13T20:54:59.877231Z,187.00,0.0100,0.9900,yes
a5872f45-7131-4778-34c3-280cf5e44ee2,KXCABOUT-29-LM,2026-01-13T20:21:48.686752Z,3.00,0.0100,0.9900,yes
3f2f5d18-312a-4c2a-3847-d6fbc1d0d7f8,KXCABOUT-29-LM,2026-01-13T20:21:48.686752Z,20.00,0.0100,0.9900,yes
f08d939f-a3e5-45b4-f87b-a36d6646b19a,KXCABOUT-29-LM,2026-01-13T15:54:46.996226Z,93.00,0.0100,0.9900,yes
dd6764a4-2d99-4920-f675-c4447e05b5be,KXCABOUT-29-LM,2026-01-13T14:14:45.745465Z,84.00,0.0100,0.9900,yes
c3d17d2b-4dfc-47b0-eadf-435fb1a730f3,KXCABOUT-29-LM,2026-01-13T14:14:45.745465Z,142.00,0.0100,0.9900,yes
a1d2e69d-f513-440b-f46c-b303d7014008,KXCABOUT-29-LM,2026-01-13T14:14:45.745465Z,709.00,0.0100,0.9900,yes
271099c4-5bd8-7834-523b-f25f5f23f99f,KXCABOUT-29-LM,2026-01-13T12:00:21.617054Z,467.00,0.0100,0.9900,yes
d91263bb-97f8-5960-8d57-8d66f78f53a5,KXCABOUT-29-LM,2026-01-13T06:31:41.328535Z,150.00,0.0100,0.9900,yes
c1a01496-04e6-5a49-bfff-bea92c2e407d,KXCABOUT-29-LM,2026-01-13T06:31:41.328535Z,100.00,0.0100,0.9900,yes
a8ce7a93-cffc-52ec-b5b2-989bdbe466e3,KXCABOUT-29-LM,2026-01-13T06:31:41.328535Z,159.00,0.0100,0.9900,yes
8f72074f-1a1d-5d73-96e6-5714eab2b3d4,KXCABOUT-29-LM,2026-01-13T06:31:41.328535Z,300.00,0.0100,0.9900,yes
5bf36bb5-1389-5abb-9387-a888f29e8a31,KXCABOUT-29-LM,2026-01-13T06:31:41.328535Z,134.00,0.0100,0.9900,yes
44ed49cd-093d-5e7b-9499-fbcc83827c4a,KXCABOUT-29-LM,2026-01-13T06:31:41.328535Z,994.00,0.0100,0.9900,yes
2e7be157-b74b-5301-98dc-bb3b7f8a9c18,KXCABOUT-29-LM,2026-01-13T06:31:41.328535Z,400.00,0.0100,0.9900,yes
2184c307-4785-5f5d-a7f0-6cb148878b79,KXCABOUT-29-LM,2026-01-13T06:31:41.328535Z,100.00,0.0100,0.9900,yes
370e2dcd-d83c-6e73-6977-e0e441b78bcc,KXCABOUT-29-LM,2026-01-13T04:53:21.415348Z,4.00,0.0100,0.9900,yes
351eb472-3208-6e15-7fa7-6370bf0333bb,KXCABOUT-29-LM,2026-01-13T04:53:21.415348Z,10.00,0.0100,0.9900,yes
f8bddbec-c3a6-7775-ff64-26c3283e0514,KXCABOUT-29-LM,2026-01-13T01:48:33.587723Z,1.00,0.0100,0.9900,yes
41736d7b-55fd-71bb-f0ec-945b00fcd6e1,KXCABOUT-29-LM,2026-01-13T01:48:33.587723Z,20.00,0.0200,0.9800,yes
3df37127-e192-72c3-d9d8-ac22a0b2d2eb,KXCABOUT-29-LM,2026-01-13T01:48:33.587723Z,3.00,0.0100,0.9900,yes
20003bae-d53f-7f2f-c872-7ac010bd5418,KXCABOUT-29-LM,2026-01-13T01:48:33.587723Z,2.00,0.0100,0.9900,yes
f3dc85f6-e05c-6fb5-6096-ca87606c5f37,KXCABOUT-29-LM,2026-01-13T01:18:55.884783Z,16.00,0.0100,0.9900,no
f2a2c2ab-3581-7d37-bb19-d982874ce795,KXCABOUT-29-LM,2026-01-13T01:18:43.348915Z,46.00,0.0200,0.9800,yes
9f650dda-dda7-42d4-5bdc-f67a91a1d9cd,KXCABOUT-29-LM,2026-01-13T01:03:43.453661Z,1.00,0.0100,0.9900,no
b7632763-775b-7542-6875-e1d77fba10e8,KXCABOUT-29-LM,2026-01-13T00:55:01.726841Z,1.00,0.0100,0.9900,no
c8e68e7a-fe0a-5be2-35e3-f8e5195d89cf,KXCABOUT-29-LM,2026-01-12T23:57:03.067779Z,4.00,0.0100,0.9900,no
e249dabd-0312-7eb6-5c8f-dc2fc2a3a9bf,KXCABOUT-29-LM,2026-01-12T23:56:24.241303Z,4.00,0.0100,0.9900,no
72cb7122-c9b6-46b2-8912-daa45511680f,KXCABOUT-29-LM,2026-01-12T23:55:32.102475Z,3.00,0.0100,0.9900,no
2ec1d924-7853-4eeb-9fba-a51e3bd09200,KXCABOUT-29-LM,2026-01-12T23:55:32.102475Z,1.00,0.0100,0.9900,no
4e002b57-aae7-4217-fb7e-f47e9b008b6f,KXCABOUT-29-LM,2026-01-12T23:21:14.865198Z,1.00,0.0100,0.9900,no
d871fb19-9c03-613b-ca52-ec44015e89a7,KXCABOUT-29-LM,2026-01-12T23:14:32.650068Z,1.00,0.0100,0.9900,no
f1f6556a-c949-6521-49e1-98be520188ce,KXCABOUT-29-LM,2026-01-12T21:50:40.114709Z,3.00,0.0100,0.9900,yes
eee42514-d2ba-6f9d-5f1f-5aa8184c8ea6,KXCABOUT-29-LM,2026-01-12T21:50:40.114709Z,31.00,0.0200,0.9800,yes
e067cbe1-85f2-6a87-4e50-680e65fa1b78,KXCABOUT-29-LM,2026-01-12T21:50:40.114709Z,8.00,0.0100,0.9900,yes
78586928-01e0-6186-5997-7d57ee31d888,KXCABOUT-29-LM,2026-01-12T21:50:40.114709Z,260.00,0.0100,0.9900,yes
65ee73d0-07fe-6f62-4cb9-69dd9c7f6708,KXCABOUT-29-LM,2026-01-12T21:50:40.114709Z,3.00,0.0300,0.9700,yes
2cd01db7-ebb8-6401-7565-c7f897f5f219,KXCABOUT-29-LM,2026-01-12T21:50:40.114709Z,62.00,0.0200,0.9800,yes
ca2e02e8-e39e-599a-701b-7c85b5295e58,KXCABOUT-29-LM,2026-01-12T05:22:41.119274Z,62.00,0.0300,0.9700,yes
2bbfd966-64b2-75de-a767-2355ba7481b8,KXCABOUT-29-LM,2026-01-12T03:50:03.12822Z,156.00,0.0300,0.9700,yes
f3fdc4f9-881a-66a6-3b04-3dc001655958,KXCABOUT-29-LM,2026-01-11T22:04:51.897052Z,31.00,0.0300,0.9700,yes
9bd3fc52-65b4-7577-0562-88c326789ad3,KXCABOUT-29-LM,2026-01-11T21:56:37.828625Z,11.00,0.0100,0.9900,no
1b1c123e-f94a-456a-1f70-68d2c9fff5f0,KXCABOUT-29-LM,2026-01-11T06:05:19.699249Z,31.00,0.0300,0.9700,yes
c1dbcc66-b54e-76ce-a8eb-33503904d3fc,KXCABOUT-29-LM,2026-01-10T18:18:23.82856Z,312.00,0.0300,0.9700,yes
ef940542-4362-4256-758b-31b384e3a900,KXCABOUT-29-LM,2026-01-10T16:08:03.229187Z,14.00,0.0300,0.9700,yes
8508d185-4d27-41db-4918-e21840d29fd7,KXCABOUT-29-LM,2026-01-10T16:08:03.229187Z,140.00,0.0200,0.9800,yes
797323e6-8974-4bec-6db1-dfc5f6bdd5f6,KXCABOUT-29-LM,2026-01-10T16:08:03.229187Z,772.00,0.0200,0.9800,yes
038da67c-48d0-4d67-5277-5e15f7464cb4,KXCABOUT-29-LM,2026-01-10T16:08:03.229187Z,1.00,0.0200,0.9800,yes
1aaf1b05-8220-5794-2091-1f44d7dbd842,KXCABOUT-29-LM,2026-01-10T15:52:04.299373Z,4.00,0.0200,0.9800,yes
64874a8b-5210-7682-bd80-5bbaff5562c5,KXCABOUT-29-LM,2026-01-10T15:31:11.447896Z,1.00,0.0100,0.9900,yes
e1705b69-4047-5502-9cc3-e66bc1f0073e,KXCABOUT-29-LM,2026-01-10T08:06:06.061354Z,243.00,0.0200,0.9800,yes
c991fd55-49a8-52c0-876b-7b0e3e8b14d2,KXCABOUT-29-LM,2026-01-10T08:06:06.061354Z,224.00,0.0200,0.9800,yes
e16d5e91-488b-4ebe-a936-8613cba67896,KXCABOUT-29-LM,2026-01-10T07:52:12.505228Z,757.00,0.0200,0.9800,yes
d2741d2f-5f9b-4cfb-a616-b24b4218a7ec,KXCABOUT-29-LM,2026-01-10T07:52:12.505228Z,200.00,0.0200,0.9800,yes
6ac93bff-39c7-461d-833c-c74cf29fa27f,KXCABOUT-29-LM,2026-01-10T07:52:12.505228Z,446.00,0.0200,0.9800,yes
c3bcde70-b4d6-50a0-2cc8-d225e82be931,KXCABOUT-29-LM,2026-01-10T04:59:36.506892Z,1000.00,0.0100,0.9900,no
407b2441-d5aa-6678-7329-1ab703c8cbe1,KXCABOUT-29-LM,2026-01-10T04:59:36.504833Z,2000.00,0.0100,0.9900,no
ae10f766-2252-58d0-fe07-cc2207dfb459,KXCABOUT-29-LM,2026-01-10T04:59:36.500596Z,2000.00,0.0100,0.9900,no
a92e5fdf-6005-4560-6758-98e534077ed2,KXCABOUT-29-LM,2026-01-10T03:29:48.782812Z,500.00,0.0100,0.9900,no
94b258a1-96a3-4f35-8e85-80902817d40b,KXCABOUT-29-LM,2026-01-10T02:35:17.170912Z,233.00,0.0200,0.9800,yes
dad1cf8a-14e7-670d-cdfb-5450eb0c79db,KXCABOUT-29-LM,2026-01-10T02:03:25.024823Z,93.00,0.0200,0.9800,yes
fc95f1d6-c6d7-74a1-112d-00997e09ffef,KXCABOUT-29-LM,2026-01-09T23:35:41.598115Z,46.00,0.0200,0.9800,yes
f357019d-e2ab-4311-1565-e5c41deca0e3,KXCABOUT-29-LM,2026-01-09T23:32:06.079797Z,46.00,0.0200,0.9800,yes
4a9f5e7a-5e5f-57e9-ed4b-ed65c2ccf553,KXCABOUT-29-LM,2026-01-09T20:51:17.177871Z,136.00,0.0200,0.9800,yes
3b2bb28f-f19a-5141-ea72-c7d862f5a24a,KXCABOUT-29-LM,2026-01-09T20:51:17.177871Z,33.00,0.0200,0.9800,yes
1f0215b0-91a1-5f91-fedf-79d76e86889a,KXCABOUT-29-LM,2026-01-09T20:51:17.177871Z,1000.00,0.0200,0.9800,yes
17b82ccb-bf62-6dd9-d717-f09cbe6276ee,KXCABOUT-29-LM,2026-01-09T06:00:10.042173Z,21.00,0.0200,0.9800,yes
33b0a3fb-0bbe-58e1-a016-a59cfbbf0d3a,KXCABOUT-29-LM,2026-01-09T03:57:18.727437Z,100.00,0.0200,0.9800,yes
4e2c25c1-251a-43ed-d8ea-f5c6c929e6aa,KXCABOUT-29-LM,2026-01-09T01:47:25.12013Z,467.00,0.0200,0.9800,yes
5105b4d4-9572-7f75-6bf3-905b1d84148e,KXCABOUT-29-LM,2026-01-09T01:07:34.558562Z,233.00,0.0200,0.9800,yes
a682b503-7d26-40ad-7429-2ad4ee48b122,KXCABOUT-29-LM,2026-01-08T23:22:19.323399Z,146.00,0.0200,0.9800,yes
a5e493b1-52e5-447c-64ed-a2370b3d12cd,KXCABOUT-29-LM,2026-01-08T23:22:19.323399Z,3.00,0.0100,0.9900,yes
5e6c3707-f8b6-48c0-4390-e143a73323d0,KXCABOUT-29-LM,2026-01-08T23:22:19.323399Z,539.00,0.0200,0.9800,yes
0ee2f85d-1ed9-471f-7965-e21789ef8a51,KXCABOUT-29-LM,2026-01-08T23:22:19.323399Z,28.00,0.0100,0.9900,yes
0b0e380f-b204-4bf9-4224-8f03c1138178,KXCABOUT-29-LM,2026-01-08T23:22:19.323399Z,2.00,0.0100,0.9900,yes
f5252048-c5c8-5ad1-bb3d-798ac4376064,KXCABOUT-29-LM,2026-01-08T23:01:20.849955Z,9.00,0.0100,0.9900,yes
8c46d189-e412-551c-b219-d9d65b32366c,KXCABOUT-29-LM,2026-01-08T23:01:20.849955Z,173.00,0.0200,0.9800,yes
65346a11-403e-5f9f-9a50-489b27caf6f7,KXCABOUT-29-LM,2026-01-08T23:01:20.849955Z,112.00,0.0100,0.9900,yes
f0a2ab57-e83e-4a8e-55a7-8c9ad08a4c76,KXCABOUT-29-LM,2026-01-08T21:10:29.217436Z,688.00,0.0100,0.9900,no
dcc6ace8-2aba-4a59-5cd7-f85c1279a494,KXCABOUT-29-LM,2026-01-08T21:10:29.217436Z,200.00,0.0100,0.9900,no
2d699239-8502-709a-0cfb-26ac19ce0226,KXCABOUT-29-LM,2026-01-08T21:01:21.621619Z,3.00,0.0100,0.9900,no
b851d587-81fe-60be-367e-7c5eceaf831a,KXCABOUT-29-LM,2026-01-08T20:24:06.817656Z,11.00,0.0100,0.9900,no
f0808e0f-a466-6c44-320b-adeaaafb7f40,KXCABOUT-29-LM,2026-01-08T20:23:43.943518Z,46.00,0.0200,0.9800,yes
f698d246-20aa-7e5e-ffe5-7db331d8261e,KXCABOUT-29-LM,2026-01-08T20:04:38.027271Z,35.00,0.0100,0.9900,no
5d6fa88c-e07a-54ee-2ffb-5aab0a28668e,KXCABOUT-29-LM,2026-01-08T20:03:55.343181Z,6.00,0.0100,0.9900,no
2329faf1-0036-50ea-ddb5-bc1d2ef08316,KXCABOUT-29-LM,2026-01-08T19:44:07.776548Z,27.00,0.0100,0.9900,no
1f8adef7-0270-5455-9117-3a07ce93d0bf,KXCABOUT-29-LM,2026-01-08T19:33:30.547179Z,391.00,0.0200,0.9800,yes
07907599-6316-534c-b6c2-1b5657b49ac4,KXCABOUT-29-LM,2026-01-08T19:33:30.547179Z,242.00,0.0200,0.9800,yes
f12bf719-bc4e-5fae-b71a-9635bbf50976,KXCABOUT-29-LM,2026-01-08T19:29:52.93507Z,4.00,0.0100,0.9900,no
f5dc4669-8488-6241-8219-f9516a975cb3,KXCABOUT-29-LM,2026-01-08T19:29:49.820433Z,100.00,0.0200,0.9800,yes
eecf8b51-991a-4566-04d6-3450d0fbd98a,KXCABOUT-29-LM,2026-01-08T19:29:13.041365Z,1.00,0.0100,0.9900,no
528dcba9-58ae-5712-7414-f1d94b1148aa,KXCABOUT-29-LM,2026-01-08T19:15:55.310846Z,4.00,0.0100,0.9900,no
72213316-b0b6-479a-d38e-c85eb50ae5ae,KXCABOUT-29-LM,2026-01-08T18:47:55.927189Z,13.00,0.0100,0.9900,no
a2845b36-dd96-6dde-e2b8-53a670c4e306,KXCABOUT-29-LM,2026-01-08T18:40:55.064949Z,1.00,0.0100,0.9900,no
1112f6ff-d82c-7c55-265f-50a3d28d6f97,KXCABOUT-29-LM,2026-01-08T18:35:08.082986Z,467.00,0.0200,0.9800,yes
4816ed8a-215e-424a-5e4e-6951daf01a32,KXCABOUT-29-LM,2026-01-08T15:05:17.066927Z,33.00,0.0100,0.9900,no
df88257f-c6dc-6fb9-999e-f177c733d8df,KXCABOUT-29-LM,2026-01-08T14:33:39.0067Z,46.00,0.0200,0.9800,yes
89975a41-ff14-4651-e379-ba9c65405c8b,KXCABOUT-29-LM,2026-01-08T01:55:43.756217Z,233.00,0.0200,0.9800,yes
e3af29c4-0f9d-4692-abc6-b4c00b94574f,KXCABOUT-29-LM,2026-01-08T01:37:55.684471Z,238.00,0.0200,0.9800,yes
c85c7548-8e48-4bd1-95a4-186180da73fb,KXCABOUT-29-LM,2026-01-08T01:37:55.684471Z,463.00,0.0200,0.9800,yes
8192f3ee-fbd6-5836-afc2-a917087b6066,KXCABOUT-29-LM,2026-01-08T00:26:30.676348Z,46.00,0.0100,0.9900,no
b73f4898-1331-67d6-ca6b-c32a8baa6e87,KXCABOUT-29-LM,2026-01-07T22:55:11.823929Z,227.00,0.0200,0.9800,yes
86dc284c-5277-629e-faed-c88fb21ac36e,KXCABOUT-29-LM,2026-01-07T22:55:11.823929Z,169.00,0.0200,0.9800,yes
5e409c03-cbd5-6fc0-deaa-3170448007cd,KXCABOUT-29-LM,2026-01-07T22:55:11.823929Z,773.00,0.0200,0.9800,yes
18700d5a-424a-6a0e-0678-86714a10957e,KXCABOUT-29-LM,2026-01-07T22:54:48.096065Z,1.00,0.0100,0.9900,no
6b351a1e-22e2-6342-ea04-51fdab142286,KXCABOUT-29-LM,2026-01-07T22:40:44.997563Z,1.00,0.0100,0.9900,no
cba6107b-7482-41d2-548b-e8314596aa62,KXCABOUT-29-LM,2026-01-07T22:24:12.67003Z,1.00,0.0100,0.9900,no
79bdd7c8-87fd-4aa0-cb93-6d8b63feb651,KXCABOUT-29-LM,2026-01-07T21:37:27.217197Z,93.00,0.0200,0.9800,yes
3681cfca-6f76-4532-682b-b67437c4943a,KXCABOUT-29-LM,2026-01-07T21:06:53.003823Z,25.00,0.0100,0.9900,no
e87415b6-9111-7948-b9c7-0531fe305155,KXCABOUT-29-LM,2026-01-07T20:37:31.187857Z,46.00,0.0200,0.9800,yes
4c199152-b5ad-43fc-4cd8-366b78d7a921,KXCABOUT-29-LM,2026-01-07T16:56:42.772096Z,46.00,0.0200,0.9800,yes
913b4e96-20d8-7e9a-c5df-b0a5483a48b9,KXCABOUT-29-LM,2026-01-07T16:30:55.773801Z,51.00,0.0200,0.9800,yes
1cbeaffb-8671-769c-fda1-70b17c59c001,KXCABOUT-29-LM,2026-01-07T16:30:55.773801Z,42.00,0.0200,0.9800,yes
70ddbc90-d49c-48f2-9777-725f4682d2a5,KXCABOUT-29-LM,2026-01-07T15:16:51.754248Z,46.00,0.0200,0.9800,yes
1df4dd5b-2234-7e5e-c2ef-b9c1e632fa4d,KXCABOUT-29-LM,2026-01-07T13:30:26.528785Z,233.00,0.0200,0.9800,yes
0d836a94-e580-6a2a-f232-39570376b409,KXCABOUT-29-LM,2026-01-07T04:31:40.108166Z,93.00,0.0200,0.9800,yes
c66d81eb-4abc-444a-991c-204f14cd6b51,KXCABOUT-29-LM,2026-01-07T01:18:29.919924Z,233.00,0.0200,0.9800,yes
e2a55544-0c1f-7fea-2cbd-f0c62f6f01c2,KXCABOUT-29-LM,2026-01-06T18:53:00.252115Z,1000.00,0.0200,0.9800,yes
8b5e65c3-f632-75cb-198b-f92c86a696bf,KXCABOUT-29-LM,2026-01-06T18:53:00.252115Z,114.00,0.0200,0.9800,yes
88b10fdf-e7b0-7e2e-2938-3fd97a190234,KXCABOUT-29-LM,2026-01-06T18:53:00.252115Z,1000.00,0.0200,0.9800,yes
7273626a-0ad8-7ca6-2e97-89a621f2e4e9,KXCABOUT-29-LM,2026-01-06T18:53:00.252115Z,542.00,0.0200,0.9800,yes
67806e35-ac30-7fa2-1cc8-2b97848ad01d,KXCABOUT-29-LM,2026-01-06T18:53:00.252115Z,344.00,0.0200,0.9800,yes
5ea50ee1-d956-5f2f-4f30-187facb3ea1f,KXCABOUT-29-LM,2026-01-06T18:47:20.324421Z,46.00,0.0200,0.9800,yes
5f4d3944-64c2-68fb-8512-f2bf4f061f9b,KXCABOUT-29-LM,2026-01-06T13:17:42.744287Z,46.00,0.0200,0.9800,yes
912902b7-8746-64df-bf9e-da561b49f917,KXCABOUT-29-LM,2026-01-06T13:14:39.022504Z,233.00,0.0200,0.9800,yes
95cf7f8f-d51c-71e3-970b-9b85051b2d86,KXCABOUT-29-LM,2026-01-06T10:59:27.874955Z,140.00,0.0200,0.9800,yes
91a31358-1a2a-752f-baf8-39d1c97e74ab,KXCABOUT-29-LM,2026-01-06T10:59:27.874955Z,561.00,0.0200,0.9800,yes
b6e364a9-5e84-72c7-55d1-da7910d3f366,KXCABOUT-29-LM,2026-01-06T02:20:21.902297Z,233.00,0.0200,0.9800,yes
f2f5e64a-0aa2-516e-9fe9-e21bb15bef4e,KXCABOUT-29-LM,2026-01-06T00:56:55.65008Z,32.00,0.0100,0.9900,no
c7b8c6f9-8b90-624f-c24d-e89a621eaf2a,KXCABOUT-29-LM,2026-01-05T22:26:43.746334Z,46.00,0.0200,0.9800,yes
d6d50f48-bd0e-7e2a-8f14-f4b22e0a1c02,KXCABOUT-29-LM,2026-01-05T19:28:40.34345Z,62.00,0.0100,0.9900,no
68f0f27f-fb2c-7a23-52a2-e61bc465a9c6,KXCABOUT-29-LM,2026-01-05T05:10:38.791029Z,467.00,0.0200,0.9800,yes
d4f56088-7ced-45a6-3c5f-868a05c59200,KXCABOUT-29-LM,2026-01-05T04:44:04.042218Z,40.00,0.0100,0.9900,no
9abc0e98-c716-42be-27ad-125214fb7bda,KXCABOUT-29-LM,2026-01-05T04:44:04.042218Z,6.00,0.0100,0.9900,no
87dbbdd8-35dc-7edf-f4d0-c6d058ec9b8e,KXCABOUT-29-LM,2026-01-05T01:15:17.093661Z,114.00,0.0200,0.9800,yes
0aac9fa8-f862-7596-d3b3-d488d70ee074,KXCABOUT-29-LM,2026-01-05T01:15:17.093661Z,821.00,0.0200,0.9800,yes
851a07b6-c023-747f-c316-111f5bded4ea,KXCABOUT-29-LM,2026-01-05T00:18:13.652251Z,990.00,0.0200,0.9800,yes
420bda2c-1fb2-739e-e9d2-f775aa2cebf8,KXCABOUT-29-LM,2026-01-05T00:18:13.652251Z,179.00,0.0200,0.9800,yes
c6875860-574f-73af-3f37-433879d2458a,KXCABOUT-29-LM,2026-01-04T22:00:07.114132Z,10.00,0.0200,0.9800,yes
55739ea3-7330-7ba6-3b5d-1c4fadc96d5b,KXCABOUT-29-LM,2026-01-04T22:00:07.114132Z,36.00,0.0200,0.9800,yes
d885b5e0-37bd-7fbe-02a6-80ee9786a8f0,KXCABOUT-29-LM,2026-01-04T20:07:49.317771Z,5.00,0.0100,0.9900,no
e00a0c5f-ea18-42e6-4469-7a71956e55b7,KXCABOUT-29-LM,2026-01-04T03:25:11.676608Z,46.00,0.0200,0.9800,yes
2773996b-8160-5f2a-b899-33cd4b3f4b3f,KXCABOUT-29-LM,2026-01-04T01:55:18.567351Z,93.00,0.0200,0.9800,yes
9cbcae4c-9c1c-40c6-92e3-6e289539bc0b,KXCABOUT-29-LM,2026-01-04T01:39:13.202985Z,43.00,0.0200,0.9800,yes
09f2963d-c9c0-4ee2-37b5-e9f72aabc88f,KXCABOUT-29-LM,2026-01-04T00:17:00.556863Z,11.00,0.0200,0.9800,yes
d5049a53-c2f8-4952-6be1-0e207f3ac247,KXCABOUT-29-LM,2026-01-03T19:55:48.793341Z,327.00,0.0200,0.9800,yes
3c125a6d-cb61-5be1-4393-241e08e7e52c,KXCABOUT-29-LM,2026-01-03T13:01:37.29663Z,23.00,0.0200,0.9800,yes
389338ed-641c-5de2-4170-6e3d54ff650f,KXCABOUT-29-LM,2026-01-03T13:01:37.29663Z,444.00,0.0200,0.9800,yes
439931bf-b27d-4a3d-ec2f-3f14f424ee14,KXCABOUT-29-LM,2026-01-03T09:55:32.84268Z,46.00,0.0200,0.9800,yes
547c2275-bd11-6b5d-0725-23a6beb8851c,KXCABOUT-29-LM,2026-01-03T04:58:02.469494Z,46.00,0.0200,0.9800,yes
fe51c8af-9549-67e8-c166-e9a91a734871,KXCABOUT-29-LM,2026-01-03T02:19:27.454422Z,50.00,0.0200,0.9800,yes
f0f22dbb-e379-6c3d-f912-ef1ba340397c,KXCABOUT-29-LM,2026-01-03T02:19:27.454422Z,885.00,0.0200,0.9800,yes
2baabea0-de6d-7f20-e905-8c2328194fd1,KXCABOUT-29-LM,2026-01-03T02:02:15.212103Z,46.00,0.0200,0.9800,yes
a682a256-7dc1-6ba0-c510-e9b868391209,KXCABOUT-29-LM,2026-01-02T22:31:45.094463Z,23.00,0.0200,0.9800,yes
583b3021-d7b9-7478-c614-45377ce0bf75,KXCABOUT-29-LM,2026-01-02T19:56:35.851527Z,140.00,0.0200,0.9800,yes
5da497d7-d301-50e8-afe5-c914e19acdcd,KXCABOUT-29-LM,2026-01-02T08:54:26.775097Z,41.00,0.0200,0.9800,yes
41b41a19-47ae-5ae9-a1bb-f30ba5cee3de,KXCABOUT-29-LM,2026-01-02T08:54:26.775097Z,5.00,0.0200,0.9800,yes
5ec32723-7178-41cd-5849-7172fb5a9dbc,KXCABOUT-29-LM,2026-01-02T06:28:49.418334Z,100.00,0.0100,0.9900,no
955f1efd-c18f-7112-8432-a7e9145a8de4,KXCABOUT-29-LM,2026-01-01T06:21:15.591346Z,93.00,0.0200,0.9800,yes
e388b706-d323-4a8a-423c-bf18df0c19dc,KXCABOUT-29-LM,2026-01-01T04:11:04.715057Z,46.00,0.0200,0.9800,yes
1b5cb3dc-fed3-40f6-aed5-f13d1cadc734,KXCABOUT-29-LM,2025-12-31T16:12:02.373818Z,100.00,0.0200,0.9800,yes
bce0160b-80af-734e-cf58-5fc13fc7eae8,KXCABOUT-29-LM,2025-12-29T21:39:09.538615Z,77.00,0.0200,0.9800,yes
0c352894-fea3-7ae9-dce4-839105b15ff8,KXCABOUT-29-LM,2025-12-29T21:39:09.538615Z,173.00,0.0200,0.9800,yes
170a7e1b-37cb-7f58-34fa-014c1a57cf38,KXCABOUT-29-LM,2025-12-29T20:06:31.447572Z,8.00,0.0100,0.9900,no
de714342-d9bb-667d-9bb6-a3b092bf9950,KXCABOUT-29-LM,2025-12-29T14:47:38.988084Z,467.00,0.0200,0.9800,yes
a5f363bc-2873-6a75-e5fb-a065e9e480a4,KXCABOUT-29-LM,2025-12-29T08:09:14.12633Z,360.00,0.0200,0.9800,yes
3fc7b9a0-a82a-627a-d0da-5e93b63e4ea6,KXCABOUT-29-LM,2025-12-29T08:09:14.12633Z,107.00,0.0200,0.9800,yes
a8f2b44e-87ae-6c3e-8379-de6a4de4418e,KXCABOUT-29-LM,2025-12-29T05:27:32.036939Z,46.00,0.0200,0.9800,yes
291d127a-903b-6d7c-0842-ec7bec379038,KXCABOUT-29-LM,2025-12-28T23:18:20.22781Z,22.00,0.0100,0.9900,no
babca9c0-2fd6-4386-d588-652d725e6c1e,KXCABOUT-29-LM,2025-12-27T23:45:17.13946Z,46.00,0.0200,0.9800,yes
61284341-685b-5e90-8fdb-53556938e740,KXCABOUT-29-LM,2025-12-27T22:07:53.781844Z,2.00,0.0100,0.9900,no
fbc88d79-409b-7804-4fbb-9226676b3638,KXCABOUT-29-LM,2025-12-27T19:15:46.940374Z,62.00,0.0100,0.9900,no
77997be7-6ad5-7645-5c70-f59638468220,KXCABOUT-29-LM,2025-12-26T04:12:52.840707Z,413.00,0.0200,0.9800,yes
220740db-3bd6-748e-6176-45cc6375039e,KXCABOUT-29-LM,2025-12-26T04:12:52.840707Z,54.00,0.0200,0.9800,yes
286a4d75-cc15-54a9-1816-b5109e58f424,KXCABOUT-29-LM,2025-12-26T03:57:19.761405Z,935.00,0.0200,0.9800,yes
8f89118b-bc95-540d-c723-6a0bd6a89ffc,KXCABOUT-29-LM,2025-12-23T22:58:03.099905Z,46.00,0.0200,0.9800,yes
02675e4b-62a8-4385-6a8f-93428a049505,KXCABOUT-29-LM,2025-12-22T15:38:42.959901Z,5.00,0.0100,0.9900,yes
dbd06586-f8f1-5565-5a66-da6f765cf43c,KXCABOUT-29-LM,2025-12-21T23:32:29.31304Z,46.00,0.0200,0.9800,yes
d5faf9b7-ea3d-5641-d9e8-15503266ea6c,KXCABOUT-29-LM,2025-12-21T16:40:08.730632Z,233.00,0.0200,0.9800,yes
a9336796-41ae-7338-62e1-d0543d913f54,KXCABOUT-29-LM,2025-12-20T19:16:42.124745Z,673.00,0.0200,0.9800,yes
9bd301a3-9add-7f41-725b-4ecc1b328484,KXCABOUT-29-LM,2025-12-20T19:16:42.124745Z,327.00,0.0200,0.9800,yes
77119db3-5003-5758-12f4-0c075afc4aa0,KXCABOUT-29-LM,2025-12-20T14:42:26.889952Z,608.00,0.0200,0.9800,yes
1a9bd486-268a-5dbc-1692-ed9f2045d944,KXCABOUT-29-LM,2025-12-20T14:42:26.889952Z,327.00,0.0200,0.9800,yes
d3fb8ab3-a0c3-6088-1b2f-b3fe5bc5cbc0,KXCABOUT-29-LM,2025-12-20T07:44:31.65333Z,233.00,0.0200,0.9800,yes
5bc5b5e2-9acb-7abc-ed90-62ff3ed31450,KXCABOUT-29-LM,2025-12-20T06:47:43.522861Z,159.00,0.0200,0.9800,yes
09216d3f-b413-7e2d-cae5-7c00c21d7e1a,KXCABOUT-29-LM,2025-12-20T06:47:43.522861Z,74.00,0.0200,0.9800,yes
7e683eed-c700-6b56-22d0-37c86bc1be90,KXCABOUT-29-LM,2025-12-19T18:15:51.10866Z,31.00,0.0300,0.9700,yes
f1cb0ccc-1f35-6942-087f-98143270a7d9,KXCABOUT-29-LM,2025-12-18T10:01:25.655442Z,631.00,0.0100,0.9900,no
e851cbd0-b42b-6ef2-3e18-2165ec8914a2,KXCABOUT-29-LM,2025-12-18T10:01:25.655442Z,785.00,0.0100,0.9900,no
9d757964-c4aa-68b3-125e-93b9ed051bb1,KXCABOUT-29-LM,2025-12-18T10:01:25.655442Z,1000.00,0.0100,0.9900,no
6b415716-8cde-63e6-2a00-d47bf0012c54,KXCABOUT-29-LM,2025-12-18T10:01:25.655442Z,1000.00,0.0100,0.9900,no
511a7cef-25bb-7678-f03d-2e91bcd5d9ee,KXCABOUT-29-LM,2025-12-18T01:11:06.142918Z,1695.00,0.0100,0.9900,no
37c65995-257a-7921-d95d-0a22b586d1e5,KXCABOUT-29-LM,2025-12-18T01:11:06.142918Z,906.00,0.0100,0.9900,no
555ef87c-5b24-65da-2aaf-0214c8ea1448,KXCABOUT-29-LM,2025-12-17T20:17:58.72241Z,93.00,0.0300,0.9700,yes
c13e73f6-ed1c-4eba-a087-11f7549d0020,KXCABOUT-29-LM,2025-12-17T18:47:47.777621Z,62.00,0.0300,0.9700,yes
2094e6a5-59f3-5d48-dc25-292718911c9e,KXCABOUT-29-LM,2025-12-17T17:55:56.746735Z,305.00,0.0100,0.9900,no
5c15d677-0770-7c4e-5e2f-3ce8b35ee138,KXCABOUT-29-LM,2025-12-17T12:48:15.175585Z,11.00,0.0300,0.9700,yes
c2ab37b7-53cc-4b62-46ea-0a9a7cebdee0,KXCABOUT-29-LM,2025-12-17T07:10:08.093805Z,261.00,0.0300,0.9700,yes
67dc08e0-6747-45db-64bc-860a7ecc2197,KXCABOUT-29-LM,2025-12-17T07:10:08.093805Z,51.00,0.0300,0.9700,yes
62743302-e7bb-6be3-d527-90e810d8c1f3,KXCABOUT-29-LM,2025-12-17T04:20:19.271746Z,780.00,0.0300,0.9700,yes
abb2af2d-583a-6487-f730-b3068bb201b8,KXCABOUT-29-LM,2025-12-17T02:02:53.244468Z,50.00,0.0200,0.9800,no
306c04c7-5453-5ddb-67f4-c9bdc22902af,KXCABOUT-29-LM,2025-12-16T18:25:07.435619Z,31.00,0.0300,0.9700,yes
591610ce-b7cb-5fd7-9fd4-af135a7a4547,KXCABOUT-29-LM,2025-12-16T18:10:11.139839Z,15.00,0.0300,0.9700,yes
15b8d5d5-7f1b-4ad7-b8c9-169340380e53,KXCABOUT-29-LM,2025-12-16T18:00:01.632437Z,30.00,0.0300,0.9700,yes
2ac2f7be-518f-5443-395b-3199cdf8ab77,KXCABOUT-29-LM,2025-12-16T17:51:17.885853Z,62.00,0.0300,0.9700,yes
3e32e9f3-9ce7-4c07-563e-451fb63649f3,KXCABOUT-29-LM,2025-12-16T00:15:16.467184Z,31.00,0.0300,0.9700,yes
9f25695e-2569-6d7a-0640-bcbcc96fab5f,KXCABOUT-29-LM,2025-12-15T23:30:44.130414Z,327.00,0.0200,0.9800,no
705c3305-32df-6060-127f-ce515f7f4d2f,KXCABOUT-29-LM,2025-12-15T23:30:44.130414Z,59.00,0.0100,0.9900,no
39a1a052-6e9f-6ed9-2988-6cecb42a48f1,KXCABOUT-29-LM,2025-12-15T23:30:44.130414Z,861.00,0.0200,0.9800,no
dfb607ea-8adb-7b9d-2d60-ca7f7a7496e5,KXCABOUT-29-LM,2025-12-15T14:18:34.570048Z,46.00,0.0200,0.9800,no
f3a988ac-76f0-57ca-ddc2-4f4b23346f56,KXCABOUT-29-LM,2025-12-15T01:21:03.331694Z,234.00,0.0400,0.9600,yes
e55d3905-e06b-762c-cb1e-a9dd08774cfb,KXCABOUT-29-LM,2025-12-15T00:43:06.601455Z,4.00,0.0300,0.9700,yes
dac95e73-d25c-7fce-e717-8d9f59662598,KXCABOUT-29-LM,2025-12-15T00:43:06.601455Z,4.00,0.0300,0.9700,yes
c306c89f-6a53-7702-d2bf-76e04e308e92,KXCABOUT-29-LM,2025-12-15T00:43:06.601455Z,9.00,0.0300,0.9700,yes
13770ea7-5870-722a-c60b-9fdfbbe48d82,KXCABOUT-29-LM,2025-12-15T00:43:06.601455Z,5.00,0.0400,0.9600,yes
a23d1189-d28f-61d7-74bc-26d7c0f89e6d,KXCABOUT-29-LM,2025-12-14T23:02:51.264329Z,16.00,0.0300,0.9700,yes
bfa3f618-02ff-4045-fd2d-94360ad4a945,KXCABOUT-29-LM,2025-12-14T22:19:44.187408Z,93.00,0.0200,0.9800,no
493f00c7-39bc-42d6-e367-2f5776f2fabe,KXCABOUT-29-LM,2025-12-14T20:39:19.26249Z,23.00,0.0400,0.9600,yes
1d41ee22-f76c-7d5e-be11-cd1a4d549e8a,KXCABOUT-29-LM,2025-12-14T04:10:26.718474Z,3.00,0.0400,0.9600,yes
40da9337-9928-6b72-44ac-e5d412d4ea72,KXCABOUT-29-LM,2025-12-14T03:48:51.573118Z,92.00,0.0400,0.9600,yes
be51c7e0-b0fc-5dae-4485-c699fed81362,KXCABOUT-29-LM,2025-12-14T03:48:01.87078Z,233.00,0.0400,0.9600,yes
0b4a71bc-c93c-693e-6d73-ac7650f64aa2,KXCABOUT-29-LM,2025-12-14T01:46:27.270726Z,600.00,0.0400,0.9600,yes
478dc448-cdec-5212-64c7-feb75239acba,KXCABOUT-29-LM,2025-12-13T22:32:12.743552Z,515.00,0.0400,0.9600,yes
e77a500f-4aea-7a5b-9664-fe904e16ace9,KXCABOUT-29-LM,2025-12-13T17:49:39.456937Z,343.00,0.0300,0.9700,yes
2f1b87ec-2ff1-7339-9ca8-b2f050e92a84,KXCABOUT-29-LM,2025-12-13T17:49:39.456937Z,22.00,0.0300,0.9700,yes
03fca881-6c01-7be2-9855-b9ea1704e117,KXCABOUT-29-LM,2025-12-13T17:49:39.456937Z,35.00,0.0300,0.9700,yes
6ff952d4-0229-778c-66ca-aaf834a8217c,KXCABOUT-29-LM,2025-12-13T17:26:19.655712Z,7.00,0.0300,0.9700,yes
5e135494-e1f1-7bc7-5d99-f83a3ea10c80,KXCABOUT-29-LM,2025-12-13T17:26:19.655712Z,993.00,0.0300,0.9700,yes
2eb322d8-533d-782f-5051-f1b0f7cf7177,KXCABOUT-29-LM,2025-12-13T17:26:19.655712Z,1000.00,0.0300,0.9700,yes
ee050300-78b5-66af-4d40-a46c94d62380,KXCABOUT-29-LM,2025-12-13T11:51:33.789308Z,7.00,0.0300,0.9700,yes
1ad937f9-9608-409a-31f0-d4e4cdcbf340,KXCABOUT-29-LM,2025-12-13T03:14:13.496326Z,151.00,0.0100,0.9900,no
0388e0fc-5ec4-603a-71f9-1e597a122e28,KXCABOUT-29-LM,2025-12-13T01:18:02.23314Z,1.00,0.0100,0.9900,no
c8a0cb76-e200-4752-ddf2-e97bb8383937,KXCABOUT-29-LM,2025-12-12T20:03:16.951938Z,6.00,0.0300,0.9700,yes
62b6f7fa-37a2-4e49-e5c0-d498201dc417,KXCABOUT-29-LM,2025-12-12T20:03:16.951938Z,607.00,0.0300,0.9700,yes
475f23d8-1054-6e42-7c43-f570cb362097,KXCABOUT-29-LM,2025-12-12T19:45:10.515983Z,156.00,0.0300,0.9700,yes
2dc0c734-b5bc-46f2-26ec-100f83470e5b,KXCABOUT-29-LM,2025-12-12T19:01:48.292341Z,156.00,0.0300,0.9700,yes
a55f2ac6-0a3c-41aa-2a7e-2b98db07eadf,KXCABOUT-29-LM,2025-12-12T17:10:57.25797Z,454.00,0.0300,0.9700,yes
eb9080d1-2b74-69b6-0469-2666e58a7777,KXCABOUT-29-LM,2025-12-12T15:10:53.565939Z,156.00,0.0300,0.9700,yes
94697b9b-14dc-7a26-87b5-837f23635be3,KXCABOUT-29-LM,2025-12-12T14:02:17.399226Z,62.00,0.0300,0.9700,yes
f17c5759-fee8-577a-27da-b4e0d7d44267,KXCABOUT-29-LM,2025-12-12T12:48:08.967311Z,10.00,0.0300,0.9700,yes
17adfb56-dd14-4e76-dd56-afe1e3e5a942,KXCABOUT-29-LM,2025-12-12T12:04:53.74961Z,1077.00,0.0400,0.9600,yes
ce813d91-c1b2-7642-8ad5-c1339a9d0918,KXCABOUT-29-LM,2025-12-12T05:40:25.535498Z,1.00,0.0200,0.9800,no
e8f38179-bfec-60a6-3865-86f2cf30c46a,KXCABOUT-29-LM,2025-12-12T05:29:44.954712Z,335.00,0.0400,0.9600,yes
b5f4d223-fdbd-6ff1-1cd2-51788f8c5864,KXCABOUT-29-LM,2025-12-12T05:29:44.954712Z,117.00,0.0400,0.9600,yes
4a8996bf-0f65-6c22-1b85-d7b1de6f5440,KXCABOUT-29-LM,2025-12-12T05:29:44.954712Z,1.00,0.0200,0.9800,yes
42d4b650-fcd0-67aa-3f54-274dc9097fec,KXCABOUT-29-LM,2025-12-12T05:29:44.954712Z,15.00,0.0200,0.9800,yes
edc2297a-4cef-4102-e8d3-714513072b65,KXCABOUT-29-LM,2025-12-12T05:27:13.434053Z,29.00,0.0200,0.9800,yes
a1e74caa-3112-4c59-d0b4-8768a2e47038,KXCABOUT-29-LM,2025-12-12T05:27:13.434053Z,905.00,0.0200,0.9800,yes
96fd2744-fb31-4f76-e4bf-929d94370824,KXCABOUT-29-LM,2025-12-12T05:27:13.434053Z,4.00,0.0200,0.9800,yes
544d77b1-a2b0-4074-dcef-01d50dd56021,KXCABOUT-29-LM,2025-12-12T05:27:13.434053Z,143.00,0.0300,0.9700,yes
22c45d81-637e-40bd-d4d1-231550a7d881,KXCABOUT-29-LM,2025-12-12T05:27:13.434053Z,10.00,0.0300,0.9700,yes
1d45782b-e934-4144-dea3-bad291aedd73,KXCABOUT-29-LM,2025-12-12T05:27:13.434053Z,277.00,0.0200,0.9800,yes
08309888-e685-4f55-c6bf-0ef40eae1cd0,KXCABOUT-29-LM,2025-12-12T05:27:13.434053Z,152.00,0.0400,0.9600,yes
701c512e-274e-600d-36e5-fd7a91934284,KXCABOUT-29-LM,2025-12-12T04:45:58.884445Z,46.00,0.0200,0.9800,yes
c3009dea-f192-596d-3da4-8ec5fe1dc0f0,KXCABOUT-29-LM,2025-12-12T04:28:27.368918Z,46.00,0.0200,0.9800,yes
7f0ddc06-6c4e-52ad-69ec-423013af4df4,KXCABOUT-29-LM,2025-12-12T03:40:36.30616Z,3.00,0.0200,0.9800,yes
03f33168-1e13-5268-6b86-bafa100c1704,KXCABOUT-29-LM,2025-12-12T03:40:36.30616Z,230.00,0.0200,0.9800,yes
54031fc5-43e3-5748-c3ae-68f6cabd4f78,KXCABOUT-29-LM,2025-12-12T02:03:59.774379Z,46.00,0.0200,0.9800,yes
80dbb067-c567-7ed4-0449-13aa51695470,KXCABOUT-29-LM,2025-12-11T23:27:43.780861Z,421.00,0.0200,0.9800,yes
e228f913-168b-7d08-1828-81d3b55c5cc4,KXCABOUT-29-LM,2025-12-11T22:47:47.599583Z,70.00,0.0200,0.9800,yes
93087288-b07f-409c-3eb6-36ac00431f44,KXCABOUT-29-LM,2025-12-11T22:31:45.707566Z,93.00,0.0200,0.9800,yes
8a3ba79b-8613-4f34-6e24-0e8d48da27dc,KXCABOUT-29-LM,2025-12-11T21:52:10.797475Z,140.00,0.0200,0.9800,yes
4bbb84b9-0431-4c44-4bd2-fdb0016ffa64,KXCABOUT-29-LM,2025-12-11T18:46:56.744012Z,140.00,0.0100,0.9900,no
cef40809-6cb4-4233-71e2-43f8c25b3d9a,KXCABOUT-29-LM,2025-12-11T16:54:03.418487Z,6.00,0.0200,0.9800,yes
95032d1a-3ba9-4551-67b3-03fb605b5040,KXCABOUT-29-LM,2025-12-11T16:54:03.418487Z,12.00,0.0300,0.9700,yes
8e46ecd7-4554-47a8-54d1-c3bb6b88502d,KXCABOUT-29-LM,2025-12-11T16:54:03.418487Z,57.00,0.0300,0.9700,yes
614d15b8-e999-4b5e-5f70-8c7ae503c80b,KXCABOUT-29-LM,2025-12-11T16:54:03.418487Z,72.00,0.0200,0.9800,yes
3aae4e6c-59ca-4398-7dda-d2c51e753d60,KXCABOUT-29-LM,2025-12-11T16:54:03.418487Z,4.00,0.0200,0.9800,yes
e418255b-7165-6112-c489-5e6d78e095f7,KXCABOUT-29-LM,2025-12-11T15:43:02.490363Z,23.00,0.0200,0.9800,yes
e2a19686-1e87-7768-7850-c31ff0d359a0,KXCABOUT-29-LM,2025-12-11T06:12:19.491918Z,12.00,0.0200,0.9800,yes
64b34302-2343-7e1a-5768-a5d0bf884fb6,KXCABOUT-29-LM,2025-12-11T06:12:19.491918Z,7.00,0.0200,0.9800,yes
5565d4f4-013c-7994-4657-27ef7adacb1d,KXCABOUT-29-LM,2025-12-11T06:12:19.491918Z,27.00,0.0200,0.9800,yes
9a5a8af8-d0bd-629d-e59f-f09d1a3723a4,KXCABOUT-29-LM,2025-12-10T23:18:34.446378Z,93.00,0.0300,0.9700,yes
5d990212-7361-4ff6-de83-5c091f90effe,KXCABOUT-29-LM,2025-12-10T22:49:19.425438Z,64.00,0.0200,0.9800,yes
1bdbf6e7-a043-4d2a-c0ec-140682c74a80,KXCABOUT-29-LM,2025-12-10T22:49:19.425438Z,216.00,0.0200,0.9800,yes
9a21833d-27c5-5696-c36e-60e1a20f2b26,KXCABOUT-29-LM,2025-12-10T22:32:35.276485Z,936.00,0.0200,0.9800,yes
f5b816b5-b29c-6952-a97f-80546a602b5f,KXCABOUT-29-LM,2025-12-10T16:40:57.023395Z,477.00,0.0200,0.9800,yes
e5e76135-241b-6f1d-a1eb-b769767c135b,KXCABOUT-29-LM,2025-12-10T16:40:57.023395Z,1000.00,0.0200,0.9800,yes
4ae3b994-0632-6dee-bde1-c22a576e28ae,KXCABOUT-29-LM,2025-12-10T16:40:57.023395Z,862.00,0.0200,0.9800,yes
ece52874-8b0e-4756-d359-5db02c0ef2a0,KXCABOUT-29-LM,2025-12-10T16:10:58.341734Z,9.00,0.0100,0.9900,no
95d5af30-d102-696e-05b2-497ad06c5a0e,KXCABOUT-29-LM,2025-12-10T06:31:14.259097Z,46.00,0.0200,0.9800,yes
2a6174ee-3fca-4cf6-6e7f-b98c4e7b13da,KXCABOUT-29-LM,2025-12-10T01:07:03.646228Z,46.00,0.0200,0.9800,yes
723e54b9-3cca-4802-4683-a3468851f672,KXCABOUT-29-LM,2025-12-09T22:43:21.550122Z,46.00,0.0200,0.9800,yes
56489e5b-f2b9-6465-4ab0-c67d84a3f77c,KXCABOUT-29-LM,2025-12-09T15:52:41.673659Z,156.00,0.0300,0.9700,yes
1c141896-2ddd-736d-8cea-ff7a82c6cae3,KXCABOUT-29-LM,2025-12-09T13:47:42.686908Z,9.00,0.0200,0.9800,yes
db34f911-ea25-7675-1abf-e8dcb0f94b98,KXCABOUT-29-LM,2025-12-09T13:34:42.293531Z,7.00,0.0300,0.9700,yes
e811fd44-24f6-4f06-76a3-33e10103ddfd,KXCABOUT-29-LM,2025-12-09T07:35:35.275739Z,23.00,0.0200,0.9800,yes
45de7232-12b0-6a90-9590-8a3f8fe8f43d,KXCABOUT-29-LM,2025-12-09T06:43:54.807869Z,46.00,0.0200,0.9800,yes
b5374c32-e934-5c65-c625-fd3e0a0e3c50,KXCABOUT-29-LM,2025-12-09T06:36:07.085125Z,96.00,0.0100,0.9900,yes
280b935b-bc28-68a1-2082-36f5e17c2444,KXCABOUT-29-LM,2025-12-09T06:34:37.169672Z,300.00,0.0100,0.9900,yes
24edc567-1490-7c2d-00a2-7ceead58d65c,KXCABOUT-29-LM,2025-12-09T05:25:17.932953Z,187.00,0.0100,0.9900,yes
bc49c9c3-23ec-4d85-2f29-a18151ee160b,KXCABOUT-29-LM,2025-12-09T02:44:05.456282Z,50.00,0.0100,0.9900,yes
29485c44-0b4c-4535-2350-260e3c5c1190,KXCABOUT-29-LM,2025-12-09T02:44:05.456282Z,417.00,0.0100,0.9900,yes
aae185a1-0688-4989-7f80-36e878da5ea3,KXCABOUT-29-LM,2025-12-08T22:07:44.105741Z,467.00,0.0100,0.9900,yes
8a7dc9ea-98e4-4a75-1efd-bb36df7dcbdf,KXCABOUT-29-LM,2025-12-08T19:36:19.670201Z,30.00,0.0100,0.9900,yes
86ab34e7-4844-4179-f64a-27d14abbfddf,KXCABOUT-29-LM,2025-12-08T17:22:32.669912Z,93.00,0.0100,0.9900,yes
6a8ec488-8c54-7881-148c-74d53adf06cf,KXCABOUT-29-LM,2025-12-08T07:29:47.974918Z,46.00,0.0200,0.9800,yes
8451cc46-7045-7c0d-95d9-939986863267,KXCABOUT-29-LM,2025-12-07T23:43:48.804846Z,153.00,0.0200,0.9800,yes
781fb01c-e620-7585-845e-a2fc2175b12b,KXCABOUT-29-LM,2025-12-07T23:43:48.804846Z,314.00,0.0200,0.9800,yes
63f71e6f-f90e-5207-21b1-fc420c594c4d,KXCABOUT-29-LM,2025-12-07T23:23:11.197923Z,976.00,0.0100,0.9900,no
5f77e905-b92b-573d-166e-4ecb34cb27ac,KXCABOUT-29-LM,2025-12-07T23:23:11.197923Z,24.00,0.0100,0.9900,no
c11c892f-0bb7-6e9d-4256-dcd7df88e6f0,KXCABOUT-29-LM,2025-12-07T23:23:11.196423Z,976.00,0.0100,0.9900,no
83857360-0b28-6fa5-5150-4c0e1b4ab09d,KXCABOUT-29-LM,2025-12-07T23:23:11.196423Z,24.00,0.0100,0.9900,no
92db2cf3-a369-5c39-e37c-4da3a8eef197,KXCABOUT-29-LM,2025-12-07T23:04:04.454861Z,140.00,0.0200,0.9800,yes
9d2edce5-7b08-49b1-5cc2-e808223fc2f9,KXCABOUT-29-LM,2025-12-07T22:42:15.804182Z,1.00,0.0100,0.9900,no
9ab09487-7fc1-7f41-dd5b-f045a159e76f,KXCABOUT-29-LM,2025-12-07T22:10:41.38568Z,233.00,0.0200,0.9800,yes
b53f30e3-a7c1-5a99-d0cb-03f3ed545c63,KXCABOUT-29-LM,2025-12-07T15:53:02.767243Z,7.00,0.0200,0.9800,yes
565eb0e4-ea95-4ec5-dae5-7623b504fe07,KXCABOUT-29-LM,2025-12-07T07:44:38.017493Z,467.00,0.0200,0.9800,yes
b181921c-f3b1-5fab-63aa-09bc0225c554,KXCABOUT-29-LM,2025-12-06T23:21:41.657545Z,154.00,0.0200,0.9800,no
a3233fd1-2e35-6753-5df3-6a14d5018ac8,KXCABOUT-29-LM,2025-12-06T21:40:14.353401Z,106.00,0.0200,0.9800,no
58ae2656-158d-697b-7313-90c26f14b24c,KXCABOUT-29-LM,2025-12-06T21:40:09.999385Z,116.00,0.0200,0.9800,no
79724c96-acb5-432f-86a5-9798db9afab0,KXCABOUT-29-LM,2025-12-06T21:39:18.813368Z,124.00,0.0200,0.9800,no
862e5063-f5e1-4a4d-9f31-fe9df0eaa104,KXCABOUT-29-LM,2025-12-06T20:09:48.565943Z,305.00,0.0300,0.9700,yes
d14ac13b-b0f5-5ecd-5e60-71bf852b8848,KXCABOUT-29-LM,2025-12-06T18:42:48.341348Z,29.00,0.0300,0.9700,yes
c323c7cf-5093-54a9-69f1-752cdbbccdea,KXCABOUT-29-LM,2025-12-06T18:42:48.341348Z,7.00,0.0200,0.9800,yes
ac4c363d-3a02-5c4c-5d3e-cf327aabd414,KXCABOUT-29-LM,2025-12-06T18:42:48.341348Z,19.00,0.0200,0.9800,yes
1ea5e6cf-00dc-5fb4-5747-78ecc25ec52b,KXCABOUT-29-LM,2025-12-06T18:42:48.341348Z,23.00,0.0200,0.9800,yes
7e4f2a1e-7b86-5f24-28c8-a8a73f4c1813,KXCABOUT-29-LM,2025-12-06T12:54:19.530206Z,1.00,0.0200,0.9800,no
dfa31e15-7c04-5dc7-1c89-b6fbc6fe17b9,KXCABOUT-29-LM,2025-12-06T12:34:03.213693Z,4.00,0.0200,0.9800,yes
b074efda-5656-503f-2b1f-47c6440b351b,KXCABOUT-29-LM,2025-12-06T12:34:03.213693Z,1.00,0.0200,0.9800,yes
4077132b-5635-53f9-0935-41188b221110,KXCABOUT-29-LM,2025-12-06T12:34:03.213693Z,27.00,0.0300,0.9700,yes
c4ae6694-0c3e-7233-2e40-dc96d89c9c9b,KXCABOUT-29-LM,2025-12-06T12:01:09.136156Z,1.00,0.0200,0.9800,yes
6af24631-5c66-77f7-0c6f-7a6d34c1900b,KXCABOUT-29-LM,2025-12-06T12:01:09.136156Z,1.00,0.0200,0.9800,yes
3413ea57-6f75-4395-763e-fbf95a0d3428,KXCABOUT-29-LM,2025-12-05T22:48:48.499344Z,56.00,0.0300,0.9700,yes
272449e1-6ffb-6337-9954-9ceb53236153,KXCABOUT-29-LM,2025-12-05T22:28:02.725168Z,382.00,0.0200,0.9800,no
26a44268-6599-6dc1-e507-0160979d8984,KXCABOUT-29-LM,2025-12-05T18:13:35.984002Z,62.00,0.0300,0.9700,yes
c261df07-2545-60cd-ec50-47471f394f3c,KXCABOUT-29-LM,2025-12-05T16:48:53.007273Z,31.00,0.0300,0.9700,yes
3a77a820-adc1-5035-d58d-d337b6753430,KXCABOUT-29-LM,2025-12-05T15:36:43.542404Z,31.00,0.0300,0.9700,yes
cb2e32b1-82bb-6bdb-19d7-39e54ccac34b,KXCABOUT-29-LM,2025-12-05T08:52:19.988229Z,2.00,0.0200,0.9800,no
27c72043-d57f-4d77-ba5e-134bedd5fa93,KXCABOUT-29-LM,2025-12-05T06:31:33.165415Z,5.00,0.0200,0.9800,no
53b534bd-69dd-57d9-fbd8-c2692d32912c,KXCABOUT-29-LM,2025-12-05T06:31:31.207955Z,124.00,0.0300,0.9700,yes
27e27c8f-50ff-714b-96d4-7745e05aa2d3,KXCABOUT-29-LM,2025-12-05T05:03:08.482456Z,12.00,0.0200,0.9800,no
da977286-525d-7331-fb62-95cb897d1110,KXCABOUT-29-LM,2025-12-05T05:03:01.291461Z,62.00,0.0300,0.9700,yes
e9d19df4-c673-5dcb-0810-b8a1e40c33cb,KXCABOUT-29-LM,2025-12-05T04:18:16.17888Z,55.00,0.0200,0.9800,no
ae84c1aa-53af-58c7-3603-eb7641d299bb,KXCABOUT-29-LM,2025-12-05T04:11:20.528965Z,1.00,0.0200,0.9800,no
1ba1003a-af8f-51d3-bcd4-90a3cac27937,KXCABOUT-29-LM,2025-12-05T03:13:22.178273Z,1.00,0.0200,0.9800,no
09f42beb-56cf-4edf-d987-969e157f9e2f,KXCABOUT-29-LM,2025-12-05T03:10:31.024137Z,1.00,0.0200,0.9800,no
5cb6505f-ea0b-71ab-e44a-e994a2e681df,KXCABOUT-29-LM,2025-12-05T03:09:49.214558Z,1.00,0.0200,0.9800,no
049a2c88-9d9f-72b7-a987-d7644a2f7fdb,KXCABOUT-29-LM,2025-12-05T02:54:12.0536Z,1.00,0.0200,0.9800,no
a2a51d73-0ca3-52b3-ff28-cf3ca756bbab,KXCABOUT-29-LM,2025-12-05T02:53:29.527707Z,1.00,0.0200,0.9800,no
aed09383-e71b-7f0b-1bb8-11acb8b4f99b,KXCABOUT-29-LM,2025-12-05T02:46:46.484461Z,1.00,0.0200,0.9800,no
7a6af453-46eb-5c23-f454-b0209857edeb,KXCABOUT-29-LM,2025-12-05T02:46:21.626034Z,1.00,0.0200,0.9800,no
ef414069-9a6b-5293-257b-31000237e24f,KXCABOUT-29-LM,2025-12-05T02:34:41.339934Z,1.00,0.0200,0.9800,no
01ee6c9e-ed43-738f-12b1-a70c40be2df7,KXCABOUT-29-LM,2025-12-05T02:34:05.606445Z,1.00,0.0200,0.9800,no
a31af898-56fb-54ab-a8ea-d5daa101dbf7,KXCABOUT-29-LM,2025-12-05T02:29:46.68992Z,1.00,0.0200,0.9800,no
d77a0b20-e947-7a17-d781-b03e27ddf887,KXCABOUT-29-LM,2025-12-05T02:26:32.094589Z,1.00,0.0200,0.9800,no
7f7c10a9-37df-71ff-60fc-53f30a7fd817,KXCABOUT-29-LM,2025-12-05T02:14:50.589601Z,9.00,0.0200,0.9800,no
1785b027-6f73-7fab-1b90-69fdd25d8143,KXCABOUT-29-LM,2025-12-05T02:13:03.334135Z,6.00,0.0200,0.9800,no
4b3afcf6-f81b-4a9b-4788-036aae5789b7,KXCABOUT-29-LM,2025-12-05T02:09:36.821333Z,1.00,0.0200,0.9800,no
29def7b6-f74b-4dab-0c1a-9117125dbff3,KXCABOUT-29-LM,2025-12-05T01:55:04.490019Z,9.00,0.0200,0.9800,no
e777baab-b591-7175-68d6-071555c73b84,KXCABOUT-29-LM,2025-12-05T01:54:42.701334Z,62.00,0.0300,0.9700,yes
19542797-a5fb-7a43-4f75-c8b788c980f7,KXCABOUT-29-LM,2025-12-05T01:41:56.539238Z,1.00,0.0200,0.9800,no
ad35e988-8b2f-5aa7-b9a2-29a83139b07b,KXCABOUT-29-LM,2025-12-05T01:35:31.976921Z,4.00,0.0200,0.9800,no
cd88cf2c-e243-7d63-8c29-1ebbebe6330b,KXCABOUT-29-LM,2025-12-05T01:27:36.28145Z,1.00,0.0200,0.9800,no
27c7c31a-deaf-70ef-a600-e7ad867e27c3,KXCABOUT-29-LM,2025-12-05T01:25:16.06835Z,1.00,0.0200,0.9800,no
869033d5-2f9b-4abb-82ce-6b43b09966af,KXCABOUT-29-LM,2025-12-05T00:53:09.208012Z,1.00,0.0200,0.9800,no
b1332bcf-20fb-52df-ec09-50746937906b,KXCABOUT-29-LM,2025-12-05T00:45:50.497876Z,1.00,0.0200,0.9800,no
53724025-f157-7ac3-44e3-c81f478b112f,KXCABOUT-29-LM,2025-12-05T00:30:31.475064Z,1.00,0.0200,0.9800,no
b6afa600-243b-65bb-e6c7-76e77697e083,KXCABOUT-29-LM,2025-12-04T20:41:02.091644Z,6.00,0.0200,0.9800,no
c628b5f1-00df-696b-9cc3-1faff20a408b,KXCABOUT-29-LM,2025-12-04T19:07:43.07704Z,1.00,0.0200,0.9800,no
9f6dea2e-1b2f-7b63-0723-7335707fb923,KXCABOUT-29-LM,2025-12-04T18:38:48.211441Z,1.00,0.0200,0.9800,no
195a19d3-e5f7-6673-42fd-36b21ac6056f,KXCABOUT-29-LM,2025-12-04T18:29:41.714083Z,3.00,0.0200,0.9800,no
f25e5bad-cb23-4b1b-513f-ae4bb9b53a63,KXCABOUT-29-LM,2025-12-04T17:51:43.60082Z,3.00,0.0200,0.9800,no
ee7e914e-a3a7-5ff7-1ea1-bd4a13ccea6b,KXCABOUT-29-LM,2025-12-04T17:51:06.322378Z,1.00,0.0200,0.9800,no
70adb405-8937-733f-cadf-5e5852c5076b,KXCABOUT-29-LM,2025-12-04T17:48:43.473196Z,1.00,0.0200,0.9800,no
176ce720-be0b-6bdb-83fd-37793798e4bb,KXCABOUT-29-LM,2025-12-04T17:46:46.631306Z,4.00,0.0200,0.9800,no
f3c62515-eeb3-433f-5b2d-fc8b8259026f,KXCABOUT-29-LM,2025-12-04T17:44:18.589924Z,7.00,0.0200,0.9800,no
e9ab1927-aed1-50e5-886b-f2874445ed88,KXCABOUT-29-LM,2025-12-04T17:43:46.491515Z,62.00,0.0300,0.9700,yes
82d169f2-5cc3-54e3-ddab-2ff103e8ecaf,KXCABOUT-29-LM,2025-12-04T17:43:14.259453Z,1.00,0.0200,0.9800,no
08aa7162-8a37-4cf3-98bb-e6a20f2715ef,KXCABOUT-29-LM,2025-12-04T17:40:44.017837Z,1.00,0.0200,0.9800,no
3201de47-2613-5fc7-8fc4-fcd873f5ba63,KXCABOUT-29-LM,2025-12-04T17:37:43.295711Z,1.00,0.0200,0.9800,no
e745b3ae-cde7-5ac7-d71d-003d8ca12bc3,KXCABOUT-29-LM,2025-12-04T17:29:30.736973Z,1.00,0.0200,0.9800,no
26db160c-1e77-7b3b-8d72-2b33825107f3,KXCABOUT-29-LM,2025-12-04T17:28:04.59566Z,1.00,0.0200,0.9800,no
462f872d-2bdf-6b53-c318-b020b3324f47,KXCABOUT-29-LM,2025-12-04T17:21:50.197607Z,4.00,0.0200,0.9800,no
d423bd65-e703-57fb-7998-afb558de2b73,KXCABOUT-29-LM,2025-12-04T17:21:20.189182Z,1.00,0.0200,0.9800,no
a553a016-b7f7-6133-a161-4f17c8c5cde7,KXCABOUT-29-LM,2025-12-04T17:16:51.409402Z,1.00,0.0200,0.9800,no
d8edb624-aa63-673b-e475-b34ab5a504ab,KXCABOUT-29-LM,2025-12-04T17:16:38.483818Z,1.00,0.0200,0.9800,no
de207584-fe67-426b-e0dc-9558dd936143,KXCABOUT-29-LM,2025-12-04T17:13:55.762329Z,1.00,0.0200,0.9800,no
a59a808a-e56f-4057-8082-32e262589ae3,KXCABOUT-29-LM,2025-12-04T17:09:50.088476Z,1.00,0.0200,0.9800,no
d911f5c9-4fe7-405b-a190-d434312e505b,KXCABOUT-29-LM,2025-12-04T17:08:43.077489Z,1.00,0.0200,0.9800,no
9664ec41-476b-473b-573c-a94af4820933,KXCABOUT-29-LM,2025-12-04T16:20:45.338672Z,1.00,0.0200,0.9800,no
b5829816-2b4f-7f7f-a40e-1e0ebf0f14db,KXCABOUT-29-LM,2025-12-04T15:23:01.94031Z,1.00,0.0200,0.9800,no
133b4460-5727-61a7-76e3-cafedf61c24f,KXCABOUT-29-LM,2025-12-04T14:20:20.071319Z,2.00,0.0200,0.9800,no
eec9679c-9257-5dc4-5fd4-621ea2b28c99,KXCABOUT-29-LM,2025-12-04T13:51:01.520451Z,5.00,0.0300,0.9700,yes
857d36e3-9a8d-5675-5f17-7e2c8967e164,KXCABOUT-29-LM,2025-12-04T13:51:01.520451Z,381.00,0.0300,0.9700,yes
01d8f600-1890-5281-585f-bba50007c32e,KXCABOUT-29-LM,2025-12-04T13:51:01.520451Z,394.00,0.0300,0.9700,yes
15f24dad-9b3b-6f87-8ee2-af297d0081af,KXCABOUT-29-LM,2025-12-04T04:52:17.642539Z,40.00,0.0200,0.9800,no
68d715fb-2616-4bad-6ffa-90c689d0ea67,KXCABOUT-29-LM,2025-12-04T01:40:02.456508Z,1000.00,0.0200,0.9800,yes
64b1abdc-dba5-4a7d-45e1-c2aca027cff8,KXCABOUT-29-LM,2025-12-04T01:40:02.456508Z,2.00,0.0200,0.9800,yes
28520d92-e509-4c9b-6eca-b5d4f61a8764,KXCABOUT-29-LM,2025-12-04T01:40:02.456508Z,909.00,0.0200,0.9800,yes
40170555-d1fd-789f-bd04-92d4473dd590,KXCABOUT-29-LM,2025-12-03T23:36:15.631604Z,23.00,0.0200,0.9800,yes
779425a2-91b8-783f-a0d6-abb2ce46456e,KXCABOUT-29-LM,2025-12-03T22:33:28.176977Z,1.00,0.0200,0.9800,yes
5b7dc9cf-2c44-7075-8543-d08df7321c48,KXCABOUT-29-LM,2025-12-03T22:33:28.176977Z,24.00,0.0200,0.9800,yes
548e3176-42e5-7943-ac8d-cf8c4d650b50,KXCABOUT-29-LM,2025-12-03T22:33:28.176977Z,68.00,0.0200,0.9800,yes
2d41bc25-63de-47a5-ad19-88181eaf68b4,KXCABOUT-29-LM,2025-12-03T17:18:10.813363Z,1.00,0.0200,0.9800,no
a588f2ed-0e5e-6fd1-cafc-1700fc96c404,KXCABOUT-29-LM,2025-12-03T17:17:56.450294Z,1.00,0.0200,0.9800,no
3e97ff59-140c-58d9-68d9-2025b0677a32,KXCABOUT-29-LM,2025-12-03T17:16:46.870954Z,1055.00,0.0300,0.9700,yes
7a0fd973-80e2-70e4-19cb-eee9cd7824a3,KXCABOUT-29-LM,2025-12-03T17:08:32.204401Z,1.00,0.0200,0.9800,no
d47dd440-37be-5094-909a-2b978d652687,KXCABOUT-29-LM,2025-12-03T17:05:53.527415Z,1.00,0.0200,0.9800,no
3625ba52-31de-4a9c-b148-2d8577a3bde3,KXCABOUT-29-LM,2025-12-03T16:50:24.079511Z,1.00,0.0200,0.9800,no
1005316e-20ea-60ec-921e-2d3d9e509d4b,KXCABOUT-29-LM,2025-12-03T16:46:38.990317Z,4.00,0.0200,0.9800,no
b18f1223-5b0a-475c-23e1-a845ad99b063,KXCABOUT-29-LM,2025-12-03T16:20:14.173927Z,9.00,0.0200,0.9800,no
15e07555-01a2-4188-1c65-fc6d2f87dd17,KXCABOUT-29-LM,2025-12-03T16:15:08.687921Z,1.00,0.0200,0.9800,no
152d9671-997a-6ca8-02ee-682027f7ae5b,KXCABOUT-29-LM,2025-12-03T16:08:04.898978Z,1.00,0.0200,0.9800,no
8144d7a3-9d76-42b8-8eb2-74e180375533,KXCABOUT-29-LM,2025-12-03T16:06:57.877941Z,2.00,0.0200,0.9800,no
323a7af6-d896-6d44-dc9f-f0301f022f3b,KXCABOUT-29-LM,2025-12-03T15:43:57.461136Z,1.00,0.0200,0.9800,no
97904f85-edd2-7fbc-d0ea-f02135273877,KXCABOUT-29-LM,2025-12-03T14:06:30.733647Z,4.00,0.0200,0.9800,no
89445024-40f6-5320-7b17-63cc6dae2bff,KXCABOUT-29-LM,2025-12-03T14:05:44.261164Z,1.00,0.0200,0.9800,no
ffce5799-131c-5cb0-5455-21146476008f,KXCABOUT-29-LM,2025-12-03T14:05:25.212235Z,3.00,0.0200,0.9800,yes
e1b80cd2-7db9-5993-4a3f-4e138ccadff4,KXCABOUT-29-LM,2025-12-03T14:05:25.212235Z,577.00,0.0200,0.9800,yes
cc102f9c-00ff-5e99-6c37-ec231970b0bb,KXCABOUT-29-LM,2025-12-03T14:05:25.212235Z,5.00,0.0200,0.9800,yes
879b1974-708d-5fea-5c1a-ea1a743ad11c,KXCABOUT-29-LM,2025-12-03T14:05:25.212235Z,200.00,0.0200,0.9800,yes
1232580c-8bca-5a83-7aa8-68b5da69e4e1,KXCABOUT-29-LM,2025-12-03T14:05:25.212235Z,134.00,0.0200,0.9800,yes
e96b53c7-e12d-649f-3023-576ec7058800,KXCABOUT-29-LM,2025-12-03T00:23:12.147932Z,4.00,0.0200,0.9800,yes
a5a6d0a0-7615-5e0f-ee7f-4b3c9caf9914,KXCABOUT-29-LM,2025-12-02T19:15:26.236229Z,467.00,0.0200,0.9800,yes
3ecfb329-24bd-466b-832f-f72c831946b4,KXCABOUT-29-LM,2025-12-02T18:31:44.667119Z,46.00,0.0200,0.9800,yes
458bf90e-ad75-4f1b-ba22-53cf1e68d914,KXCABOUT-29-LM,2025-12-02T18:23:56.760741Z,100.00,0.0200,0.9800,yes
263db0f4-5b25-7eff-75f6-bfaebab5f4cc,KXCABOUT-29-LM,2025-12-02T18:23:01.526306Z,467.00,0.0200,0.9800,yes
a37b7cfd-29f1-487f-b537-5cfb2b49df80,KXCABOUT-29-LM,2025-12-02T06:42:34.944087Z,93.00,0.0200,0.9800,yes
57f0907b-26c1-6297-9c60-f5962e38ee24,KXCABOUT-29-LM,2025-12-02T05:26:29.618631Z,46.00,0.0200,0.9800,yes
f1ab4c49-3c82-6ceb-f1df-f7df1adff63d,KXCABOUT-29-LM,2025-12-01T23:34:58.953357Z,4.00,0.0200,0.9800,yes
eadf5d01-0941-6208-f5fd-7b7c069b3268,KXCABOUT-29-LM,2025-12-01T23:34:58.953357Z,35.00,0.0200,0.9800,yes
a33f67c9-c755-69ca-f99f-afbece037499,KXCABOUT-29-LM,2025-12-01T23:34:58.953357Z,7.00,0.0200,0.9800,yes
754ab17d-099c-44f5-72fc-f0d46e95f62e,KXCABOUT-29-LM,2025-12-01T23:23:04.798502Z,235.00,0.0300,0.9700,yes
47cfd1ba-98f9-48c3-6ba1-7ec3fd7481e3,KXCABOUT-29-LM,2025-12-01T23:23:04.798502Z,11.00,0.0200,0.9800,yes
3a1b52de-9f11-4c75-7b43-5523ed46a81f,KXCABOUT-29-LM,2025-12-01T23:23:04.798502Z,11.00,0.0200,0.9800,yes
298eeba0-9fad-488a-69da-c123ddacdf88,KXCABOUT-29-LM,2025-12-01T23:23:04.798502Z,92.00,0.0200,0.9800,yes
ca84cb70-ca98-6eba-9fbb-c6ba71f688b4,KXCABOUT-29-LM,2025-12-01T22:42:11.606262Z,93.00,0.0200,0.9800,yes
dab1784b-a774-7e01-052a-64b1a5b1a766,KXCABOUT-29-LM,2025-12-01T21:59:23.603658Z,141.00,0.0200,0.9800,yes
d1c450c4-ad2c-71d9-0d75-9ac7f6bebe0a,KXCABOUT-29-LM,2025-12-01T21:59:23.603658Z,432.00,0.0300,0.9700,yes
b839b5be-0952-7302-38be-d7f29935793c,KXCABOUT-29-LM,2025-12-01T21:59:23.603658Z,4.00,0.0200,0.9800,yes
824830bc-441a-7574-2973-91a8dd1f8a3c,KXCABOUT-29-LM,2025-12-01T21:59:23.603658Z,480.00,0.0200,0.9800,yes
4b6b4057-0e16-739f-2d95-56f37a076ee1,KXCABOUT-29-LM,2025-12-01T21:59:23.603658Z,1000.00,0.0200,0.9800,yes
4661cd14-4ac9-7bdb-009c-25994c19994f,KXCABOUT-29-LM,2025-12-01T21:59:23.603658Z,6.00,0.0200,0.9800,yes
0c5384e9-b8cc-7364-19c7-4b0102cd6e3f,KXCABOUT-29-LM,2025-12-01T21:59:23.603658Z,14.00,0.0200,0.9800,yes
140ed3f2-872a-70f8-9eb4-2a5fc56eb1d4,KXCABOUT-29-LM,2025-12-01T21:49:21.702819Z,300.00,0.0200,0.9800,yes
d2afe040-292a-51cc-dbc6-980e3966c3c4,KXCABOUT-29-LM,2025-12-01T20:35:10.022429Z,140.00,0.0200,0.9800,yes
4e08e4d0-571e-7038-a80b-c91db532f99c,KXCABOUT-29-LM,2025-12-01T20:21:57.857645Z,24.00,0.0200,0.9800,yes
a203124a-026e-4d94-da9e-d030815daff0,KXCABOUT-29-LM,2025-12-01T14:19:58.751862Z,46.00,0.0200,0.9800,yes
e8ab0846-3ea6-44f9-47f7-5ffaa7717934,KXCABOUT-29-LM,2025-12-01T14:15:53.469314Z,10.00,0.0200,0.9800,no
3096cde8-4444-7241-2e90-60d1229cde46,KXCABOUT-29-LM,2025-11-30T17:48:42.313723Z,3.00,0.0300,0.9700,yes
edcbd1bd-7e5c-6dfd-6bc5-35f5942f11ea,KXCABOUT-29-LM,2025-11-29T03:11:37.847398Z,156.00,0.0300,0.9700,yes
1626292d-4e8d-499c-03d8-a501feaa965f,KXCABOUT-29-LM,2025-11-25T13:40:11.262804Z,1000.00,0.0200,0.9800,no
66fe920b-1f94-4b8d-8226-d2bbe6fb06d2,KXCABOUT-29-LM,2025-11-22T21:14:40.921411Z,222.00,0.0300,0.9700,yes
d99f1a5c-8474-43e1-bb82-f2964d738972,KXCABOUT-29-LM,2025-11-21T23:26:52.50593Z,31.00,0.0300,0.9700,yes
b7eaf3d1-ae74-497d-7b1c-f0b394ed5d92,KXCABOUT-29-LM,2025-11-21T16:21:41.384371Z,7.00,0.0300,0.9700,yes
17e41535-5abc-5bfd-638d-3c60b444faf6,KXCABOUT-29-LM,2025-11-21T13:35:37.888214Z,31.00,0.0300,0.9700,yes
042f992d-b85c-60e1-4454-48eb9603a9b2,KXCABOUT-29-LM,2025-11-21T00:43:55.525667Z,31.00,0.0300,0.9700,yes
1f1a011e-e468-4c41-556d-ec8d2c0cbece,KXCABOUT-29-LM,2025-11-20T21:12:47.869399Z,468.00,0.0300,0.9700,yes
9725b490-a2c5-4403-6093-25945dd3cbc0,KXCABOUT-29-LM,2025-11-20T19:08:25.227148Z,1.00,0.0200,0.9800,no
e16e55a4-1360-5115-8804-bb51926a69ae,KXCABOUT-29-LM,2025-11-20T18:44:53.938043Z,33.00,0.0300,0.9700,yes
7510e904-290c-45e9-c6ec-542788f06bae,KXCABOUT-29-LM,2025-11-20T16:37:11.539218Z,1.00,0.0300,0.9700,yes
aa7ea4fb-8a50-6ab5-abf5-13b008af166e,KXCABOUT-29-LM,2025-11-20T16:33:12.584232Z,1.00,0.0300,0.9700,yes
fe600133-8a63-4fc8-8491-444068b2adf9,KXCABOUT-29-LM,2025-11-20T16:00:13.189905Z,200.00,0.0300,0.9700,yes
f1059613-7f5c-41f9-9d6e-27e00be8f10e,KXCABOUT-29-LM,2025-11-20T16:00:13.189905Z,1900.00,0.0300,0.9700,yes
eaa9c180-fefa-42d6-972e-09323e5e4dff,KXCABOUT-29-LM,2025-11-20T16:00:13.189905Z,750.00,0.0300,0.9700,yes
6bbf73bd-3d54-4ac7-bbfd-29b14a110ea1,KXCABOUT-29-LM,2025-11-20T16:00:13.189905Z,150.00,0.0300,0.9700,yes
ee415b91-ef46-6597-fa08-93856bf8abdd,KXCABOUT-29-LM,2025-11-20T15:54:42.32523Z,1000.00,0.0200,0.9800,yes
c3132b17-aa8d-62da-fc4b-8e3e33ed24c8,KXCABOUT-29-LM,2025-11-20T15:54:42.32523Z,8.00,0.0200,0.9800,yes
b974829f-7dc5-6514-c6f4-2193b836cb02,KXCABOUT-29-LM,2025-11-20T15:54:42.32523Z,1000.00,0.0200,0.9800,yes
98687ffd-a557-629e-f1d3-d3db0979908c,KXCABOUT-29-LM,2025-11-20T15:54:42.32523Z,1000.00,0.0200,0.9800,yes
7f6a5cd9-71e0-6964-f515-6ae838fb1910,KXCABOUT-29-LM,2025-11-20T15:54:42.32523Z,48.00,0.0200,0.9800,yes
7eec1990-c62f-6b04-fb51-3bc28c0003a7,KXCABOUT-29-LM,2025-11-20T15:54:42.32523Z,96.00,0.0200,0.9800,yes
77eda4f7-10eb-6696-f7c1-e325b8cbed10,KXCABOUT-29-LM,2025-11-20T15:54:42.32523Z,5000.00,0.0200,0.9800,yes
5826424c-d281-6a53-d465-aeda4cca7597,KXCABOUT-29-LM,2025-11-20T15:54:42.32523Z,250.00,0.0200,0.9800,yes
50510590-d039-61a0-eb0e-c3a4fcd861ca,KXCABOUT-29-LM,2025-11-20T15:54:42.32523Z,13816.00,0.0200,0.9800,yes
252bec4b-3edd-6f7d-c2fd-61a1411871c4,KXCABOUT-29-LM,2025-11-20T15:54:42.32523Z,75.00,0.0200,0.9800,yes
5782ac8b-7800-7c98-4ee8-09f590bd1010,KXCABOUT-29-LM,2025-11-18T14:29:38.444474Z,2.00,0.0200,0.9800,yes
bedd30fc-7c99-7c99-3cba-182fdf571da2,KXCABOUT-29-LM,2025-11-16T14:55:24.754142Z,100.00,0.0100,0.9900,no
bfe0a39b-8743-4ccb-9255-0eee13434419,KXCABOUT-29-LM,2025-11-15T06:42:06.072176Z,792.00,0.0200,0.9800,yes
50ea0310-d2da-4b45-b905-98cc821a2baa,KXCABOUT-29-LM,2025-11-15T06:42:06.072176Z,284.00,0.0200,0.9800,yes
030aa08b-e35a-713d-c9d0-f78150e6f2ba,KXCABOUT-29-LM,2025-11-14T23:40:13.379754Z,1000.00,0.0200,0.9800,yes
144540ff-c30f-536d-06eb-fd179e7c276e,KXCABOUT-29-LM,2025-11-12T06:43:41.498972Z,50.00,0.0100,0.9900,yes
bc77e9c7-7067-5385-2b03-cc9f937c9ece,KXCABOUT-29-LM,2025-11-11T13:58:27.435001Z,935.00,0.0100,0.9900,yes
2db2fbf0-c813-4e75-924a-2c89cafb5c4a,KXCABOUT-29-LM,2025-11-11T03:35:32.337943Z,110.00,0.0100,0.9900,yes
0f8c9e93-a8e3-4969-fa2e-cdbaa76f79a6,KXCABOUT-29-LM,2025-11-09T14:58:07.679313Z,100.00,0.0100,0.9900,yes
a33ff0b3-8465-6128-e513-6268f3dd9b85,KXCABOUT-29-LM,2025-11-07T15:07:39.868926Z,3.00,0.0100,0.9900,yes
cc647caf-aa52-5ec9-3b15-b24efa178906,KXCABOUT-29-LM,2025-11-01T12:42:58.828367Z,70.00,0.0200,0.9800,yes
d2f32e33-a89a-7f28-6ece-c9bf6b5ddab2,KXCABOUT-29-LM,2025-10-30T01:02:57.708999Z,54.00,0.0100,0.9900,no
a5b773a6-025a-4701-196a-009b532019f2,KXCABOUT-29-LM,2025-10-29T13:36:08.41111Z,1.00,0.0200,0.9800,yes
c53e5637-b2e6-76d0-cfd1-cae714f86c46,KXCABOUT-29-LM,2025-10-29T06:20:20.227735Z,446.00,0.0100,0.9900,no
6e9fc2ea-75e5-7a61-d33e-e5c5d6f2ffa5,KXCABOUT-29-LM,2025-10-29T06:20:20.227735Z,54.00,0.0100,0.9900,no
1e44fce9-bad6-5b3d-ec76-c9d964a0e43e,KXCABOUT-29-LM,2025-10-26T03:30:49.174267Z,7.00,0.0200,0.9800,yes
c775e8d8-3326-782d-12d3-d89fb14b375e,KXCABOUT-29-LM,2025-10-24T14:46:06.66064Z,46.00,0.0200,0.9800,yes
13b90d20-c065-6bb5-1ce3-2a911e9fc45d,KXCABOUT-29-LM,2025-10-23T20:10:03.254348Z,46.00,0.0100,0.9900,no
fff360f9-d51e-6af9-8c57-282c6580b1ce,KXCABOUT-29-LM,2025-10-18T22:06:37.902397Z,100.00,0.0200,0.9800,yes
d977721d-71da-5841-404f-dc9f04da317e,KXCABOUT-29-LM,2025-10-15T03:06:33.932273Z,233.00,0.0200,0.9800,yes
83b00109-b726-4bfd-4fc4-423540b5f536,KXCABOUT-29-LM,2025-10-10T17:28:40.906815Z,233.00,0.0200,0.9800,yes
f342113f-3bf9-437f-b47b-8ad63301ab52,KXCABOUT-29-LM,2025-09-30T17:07:06.514596Z,200.00,0.0100,0.9900,yes
a79c4094-13da-4354-62fd-004fb05c7909,KXCABOUT-29-LM,2025-09-30T05:15:53.80961Z,67.00,0.0200,0.9800,yes
615d4807-1a4e-4b0d-4596-99ea9b917132,KXCABOUT-29-LM,2025-09-30T05:15:53.80961Z,26.00,0.0200,0.9800,yes
fe3854d6-37da-62f4-9d4a-61ded2ebab3d,KXCABOUT-29-LM,2025-09-30T01:25:44.847908Z,33.00,0.0200,0.9800,yes
2ff2a83c-89d1-6cf2-974f-b5c4edff076b,KXCABOUT-29-LM,2025-09-30T01:25:44.847908Z,60.00,0.0200,0.9800,yes
fad55987-425c-4d12-9e70-8161c0c5ef09,KXCABOUT-29-LM,2025-09-23T04:41:48.147569Z,50.00,0.0100,0.9900,no
5abff01f-0cd2-4a0f-897d-73bf916128a0,KXCABOUT-29-LM,2025-09-17T22:19:27.281222Z,250.00,0.0100,0.9900,no
e45795b3-4061-427b-8091-2753294238f4,KXCABOUT-29-LM,2025-09-13T18:46:51.92819Z,140.00,0.0200,0.9800,yes
406f7d3e-e95b-48a5-ac1b-5ca94aa0632e,KXCABOUT-29-LM,2025-09-13T04:21:28.710238Z,1000.00,0.0100,0.9900,no
a8b09c66-e16b-4fff-9ce9-9f5d7eaa2205,KXCABOUT-29-LM,2025-09-05T15:06:21.03819Z,150.00,0.0100,0.9900,no
d0a1178a-04de-497e-a1e7-e3a11cfe0058,KXCABOUT-29-LM,2025-09-04T22:40:48.366178Z,100.00,0.0100,0.9900,yes
d1f8405f-6ba5-4743-80ef-d7482eac4dde,KXCABOUT-29-LM,2025-09-04T15:20:15.568141Z,5000.00,0.0100,0.9900,yes
b146cd92-3b16-4b89-8db1-0d0cb2646d6d,KXCABOUT-29-LM,2025-09-04T15:03:23.186618Z,5000.00,0.0100,0.9900,yes
a2ff48c7-0962-45a0-8231-0c6a0a1e90d6,KXCABOUT-29-LM,2025-09-01T19:13:28.99251Z,1.00,0.0100,0.9900,yes
bd26d7ec-e26e-4cff-be99-74a99a2042ee,KXCABOUT-29-LM,2025-08-09T13:49:59.48512Z,46.00,0.0100,0.9900,no
8de416cd-deb8-45ac-af0c-8df0ab04779b,KXCABOUT-29-LM,2025-08-09T13:49:59.48512Z,1000.00,0.0100,0.9900,no
2f1bfb23-1d01-43a2-8720-49e28c91308d,KXCABOUT-29-LM,2025-08-09T13:49:59.48512Z,250.00,0.0100,0.9900,no
4c969b69-fda1-49fc-9970-3e737d6dbae1,KXCABOUT-29-LM,2025-08-09T10:27:02.752324Z,46.00,0.0200,0.9800,yes
5b30f912-a15d-4fb2-99b0-1d828ab2a438,KXCABOUT-29-LM,2025-08-08T19:48:08.103304Z,165.00,0.0100,0.9900,no
438a87f5-d351-4c1a-92aa-b0e7dd82a6cb,KXCABOUT-29-LM,2025-08-08T19:48:08.103304Z,20.00,0.0100,0.9900,no
706bd553-cfaa-4888-82b2-427a44bd948e,KXCABOUT-29-LM,2025-08-08T02:50:07.845255Z,20.00,0.0100,0.9900,no
4f201972-58eb-4076-8e96-0d5fa0f1e71c,KXCABOUT-29-LM,2025-08-07T20:51:42.639979Z,800.00,0.0100,0.9900,no
5f2f0e0f-3fca-4a58-bc1c-7e9b9e20c6b9,KXCABOUT-29-LM,2025-08-07T20:22:50.337477Z,690.00,0.0100,0.9900,no
a7f73dfa-f7c3-4c6a-a9f5-9b1d95e7ca96,KXCABOUT-29-LM,2025-08-07T20:06:14.354253Z,319.00,0.0100,0.9900,no
a460f7ca-974b-48e7-81c1-d57ddd4117a4,KXCABOUT-29-LM,2025-08-07T20:06:14.354253Z,2625.00,0.0100,0.9900,no
16ef3d0c-1607-4d6c-9e0c-33655deaf1ef,KXCABOUT-29-LM,2025-08-07T20:06:14.354253Z,56.00,0.0100,0.9900,no
ce167b39-74fa-4b5d-9179-8dfb694ab8c5,KXCABOUT-29-LM,2025-08-07T20:04:58.196487Z,181.00,0.0100,0.9900,no
5cdcdef2-5f14-44ec-9e98-48707baeaed8,KXCABOUT-29-LM,2025-08-07T20:04:58.196487Z,319.00,0.0100,0.9900,no
c042eafe-11ce-4cf1-a58f-79a36d5d23c2,KXCABOUT-29-LM,2025-08-07T20:04:47.938618Z,14.00,0.0100,0.9900,no
7e3b50b5-f3c4-4fc8-9438-bc1fbaf10a0c,KXCABOUT-29-LM,2025-08-07T20:04:47.642267Z,84.00,0.0100,0.9900,no
3c94cacd-6717-489a-a6b3-c192905fb1fe,KXCABOUT-29-LM,2025-08-07T20:04:47.642267Z,30.00,0.0100,0.9900,no
b2ad83d6-422b-4acc-b18a-07319850c50c,KXCABOUT-29-LM,2025-08-07T20:04:46.133312Z,78.00,0.0100,0.9900,no
10e70a3a-3520-4062-9265-53b09724b0b0,KXCABOUT-29-LM,2025-08-07T20:04:44.470075Z,65.00,0.0100,0.9900,no
a312f9b2-492c-4eea-b1f4-1ab87c47a9ec,KXCABOUT-29-LM,2025-08-07T20:04:44.056065Z,40.00,0.0100,0.9900,no
a931608f-fe87-4e21-ab6b-07f7ddfc4a4f,KXCABOUT-29-LM,2025-08-07T20:04:43.101689Z,100.00,0.0100,0.9900,no
9aef8bca-b4f2-4088-a929-bcc494bcb793,KXCABOUT-29-LM,2025-08-07T20:04:43.101689Z,249.00,0.0100,0.9900,no
03f34946-f7c4-443e-a0b7-9813481037d6,KXCABOUT-29-LM,2025-08-07T20:04:43.101689Z,81.00,0.0100,0.9900,no
eda9eee4-9d11-4fc5-bf80-df48a293a154,KXCABOUT-29-LM,2025-08-07T20:04:41.100684Z,60.00,0.0100,0.9900,no
b207628e-2d74-4322-9117-4f9aabf50f29,KXCABOUT-29-LM,2025-08-07T20:04:41.100684Z,80.00,0.0100,0.9900,no
5e83f335-6dd3-4729-8d1b-1dd2377fe8e2,KXCABOUT-29-LM,2025-08-07T20:04:41.100684Z,4.00,0.0100,0.9900,no
ddf40b18-7606-402a-abce-3aeded716726,KXCABOUT-29-LM,2025-08-07T20:04:39.533965Z,412.00,0.0100,0.9900,no
5465af00-22d4-4532-9106-f3639cefe6a4,KXCABOUT-29-LM,2025-08-07T20:04:39.533965Z,32.00,0.0100,0.9900,no
eabcb37c-c438-41d8-9cd3-9ae5defcd800,KXCABOUT-29-LM,2025-08-07T20:04:38.12982Z,234.00,0.0100,0.9900,no
fd4e976d-2381-470f-a412-a54c8b52cffd,KXCABOUT-29-LM,2025-08-07T20:04:36.56271Z,55.00,0.0100,0.9900,no
7ceabbe6-e6d1-4b88-8c53-950d66903428,KXCABOUT-29-LM,2025-08-07T20:04:36.56271Z,134.00,0.0100,0.9900,no
7c9a5642-8734-4abe-8f14-85f5512b0e3d,KXCABOUT-29-LM,2025-08-07T20:04:36.56271Z,392.00,0.0100,0.9900,no
13881ab0-e83c-47f1-9f84-194d54140538,KXCABOUT-29-LM,2025-08-07T20:04:36.335402Z,40.00,0.0100,0.9900,no
5b42342e-62be-42f1-990d-65d19cef3d6c,KXCABOUT-29-LM,2025-08-07T20:04:35.185827Z,28.00,0.0100,0.9900,no
4928370c-8d21-4bf9-b948-bac030f322a7,KXCABOUT-29-LM,2025-08-07T20:04:35.185827Z,18.00,0.0100,0.9900,no
01c78809-df6d-485f-bb51-c30ec40dc14d,KXCABOUT-29-LM,2025-08-07T20:04:35.165503Z,11.00,0.0100,0.9900,no
eb387a3b-336a-40f1-b77d-071724165469,KXCABOUT-29-LM,2025-08-07T20:00:29.231697Z,230.00,0.0100,0.9900,no
63a9ad8a-5727-4dbd-98a6-6e8691ae9419,KXCABOUT-29-LM,2025-08-07T20:00:29.231697Z,259.00,0.0100,0.9900,no
40ffcd22-ef37-4897-9f06-0c75b07158a1,KXCABOUT-29-LM,2025-08-07T20:00:29.231697Z,11.00,0.0100,0.9900,no
9cfe47a4-94c9-41ca-93a9-b02efed5f9ae,KXCABOUT-29-LM,2025-08-07T19:54:40.392795Z,1000.00,0.0200,0.9800,yes
ab84c2a2-cd65-4086-acd7-6ec07cf34d9a,KXCABOUT-29-LM,2025-08-04T00:18:25.527185Z,9.00,0.0100,0.9900,no
8cce28c8-9796-4454-ad94-c6b6f0fea598,KXCABOUT-29-LM,2025-07-31T02:10:28.883869Z,9.00,0.0200,0.9800,yes
71ae0244-851a-424d-ab6e-866014032f40,KXCABOUT-29-LM,2025-07-28T00:48:12.365786Z,2.00,0.0200,0.9800,yes
bbade72f-ff14-4a7b-8856-e19bef20f3bd,KXCABOUT-29-LM,2025-07-25T14:03:09.257457Z,23.00,0.0200,0.9800,yes
18e8beb6-8b75-48ef-8b66-cff2e460cc18,KXCABOUT-29-LM,2025-07-23T16:49:40.433687Z,70.00,0.0100,0.9900,no
98beabf7-0a4f-43b8-b594-394367446361,KXCABOUT-29-LM,2025-07-23T16:39:32.893519Z,43.00,0.0200,0.9800,no
f7aa228b-09ce-484c-b708-dd3661279f6a,KXCABOUT-29-LM,2025-07-19T14:51:23.644393Z,57.00,0.0300,0.9700,yes
bb20d1ee-0d56-4240-b6d1-886f0299b742,KXCABOUT-29-LM,2025-07-19T14:51:23.644393Z,5.00,0.0300,0.9700,yes
6aa6ef2b-288c-4a75-9992-8d50aa9da6de,KXCABOUT-29-LM,2025-07-19T02:49:47.826037Z,95.00,0.0300,0.9700,yes
2ad22f8a-3862-4e2b-91b4-54a8a76a47da,KXCABOUT-29-LM,2025-07-19T02:49:47.826037Z,5.00,0.0300,0.9700,yes
ee2aa1b4-b1fe-4a14-b5e3-50f2b0d459c6,KXCABOUT-29-LM,2025-07-15T18:39:13.738907Z,542.00,0.0200,0.9800,yes
92ce1d20-4aaa-4ebf-897a-e78b30bc78b8,KXCABOUT-29-LM,2025-07-15T18:39:13.738907Z,208.00,0.0200,0.9800,yes
c9f2a9ff-603d-46d3-971a-9f916f1c0fd3,KXCABOUT-29-LM,2025-07-15T02:51:47.800765Z,392.00,0.0200,0.9800,yes
20d44e71-0228-47d0-a1ad-05559a8cd101,KXCABOUT-29-LM,2025-07-15T02:51:47.800765Z,108.00,0.0200,0.9800,yes
d56f796f-23c3-4fbc-b991-179ad9abcfa4,KXCABOUT-29-LM,2025-07-14T12:48:20.150961Z,46.00,0.0200,0.9800,yes
0e0b149f-6b51-453d-95d7-06ab17a3d7a9,KXCABOUT-29-LM,2025-07-14T03:52:28.767448Z,31.00,0.0100,0.9900,no
68509e0f-5fe1-408f-9432-a4753c3ca435,KXCABOUT-29-LM,2025-07-13T18:47:44.831747Z,46.00,0.0200,0.9800,yes
c24d194e-3196-40a7-984e-da8dda371ca8,KXCABOUT-29-LM,2025-07-11T22:42:17.05718Z,380.00,0.0200,0.9800,yes
26cf1bda-0b9d-41f2-b00e-db493c9364f1,KXCABOUT-29-LM,2025-07-11T22:42:17.05718Z,620.00,0.0200,0.9800,yes
b99d4c5b-4bbb-401a-9647-948bfc2e782b,KXCABOUT-29-LM,2025-07-08T18:54:22.921892Z,31.00,0.0300,0.9700,yes
3decd29d-4d2c-46e0-9898-9bc774f47ea8,KXCABOUT-29-LM,2025-07-07T20:15:19.196262Z,468.00,0.0200,0.9800,no
e6f8e130-d937-4abf-b049-9eb30490345e,KXCABOUT-29-LM,2025-07-06T01:29:04.09017Z,5.00,0.0200,0.9800,yes
22d767e6-23d2-4336-b0b8-d37fbf723670,KXCABOUT-29-LM,2025-07-05T19:52:19.290604Z,12.00,0.0100,0.9900,no
454487ba-e401-463f-827f-6edc306a259f,KXCABOUT-29-LM,2025-06-27T17:35:43.28641Z,31.00,0.0300,0.9700,yes
fc9ea628-4aa6-442d-90dd-ea43d58cb2c5,KXCABOUT-29-LM,2025-06-27T14:38:05.453238Z,100.00,0.0200,0.9800,no
d9bedfeb-f6c0-4391-94aa-02f1c3189bd6,KXCABOUT-29-LM,2025-06-26T23:34:25.829209Z,10.00,0.0300,0.9700,yes
9d73ccb8-7b80-4220-854d-85b5049eec25,KXCABOUT-29-LM,2025-06-26T23:34:25.829209Z,10.00,0.0200,0.9800,yes
9383952d-5c6c-40a8-9ba4-adbb2012cf7b,KXCABOUT-29-LM,2025-06-26T21:24:50.605406Z,880.00,0.0200,0.9800,no
2a8ab3ea-acf3-45d1-9440-26caf440414e,KXCABOUT-29-LM,2025-06-26T21:24:50.605406Z,100.00,0.0200,0.9800,no
e7a38521-6333-4dfb-ab45-ee819aad7955,KXCABOUT-29-LM,2025-06-26T15:29:32.728089Z,367.00,0.0300,0.9700,yes
c2580f8f-1d3d-41d4-ad40-2991b075ee43,KXCABOUT-29-LM,2025-06-26T15:29:32.728089Z,2.00,0.0400,0.9600,yes
787886f3-b8fe-4468-ab70-ffdf513fc469,KXCABOUT-29-LM,2025-06-26T15:29:32.728089Z,131.00,0.0400,0.9600,yes
d4b65bb5-9335-4e45-9467-cb40437b5126,KXCABOUT-29-LM,2025-06-22T18:30:12.395005Z,50.00,0.0300,0.9700,yes
c1b56eed-2b9b-41fc-90c0-02f5564fbe43,KXCABOUT-29-LM,2025-06-22T18:30:12.395005Z,3.00,0.0400,0.9600,yes
8cf1e91d-ada2-4a3b-bd1a-c0fd760f8ed6,KXCABOUT-29-LM,2025-06-22T18:30:12.395005Z,10.00,0.0300,0.9700,yes
39d5b34d-2923-4b24-aa6a-80d9fd4dadf7,KXCABOUT-29-LM,2025-06-22T18:30:12.395005Z,29.00,0.0300,0.9700,yes
66cc8edd-4dc3-4a15-9006-63a349b997fe,KXCABOUT-29-LM,2025-06-21T03:01:02.59088Z,50.00,0.0300,0.9700,yes
fee9bcac-ac7e-429c-901e-9a0e3b053c7c,KXCABOUT-29-LM,2025-06-19T02:40:21.949294Z,4.00,0.0300,0.9700,yes
d43280c3-733d-4fcd-9856-afbedee37899,KXCABOUT-29-LM,2025-06-19T02:40:21.949294Z,940.00,0.0300,0.9700,yes
8e3b09fe-5b89-4a28-969f-370488b40a61,KXCABOUT-29-LM,2025-06-19T02:40:21.949294Z,5.00,0.0300,0.9700,yes
557236e3-028a-47ca-b0c6-c568195b41d4,KXCABOUT-29-LM,2025-06-19T02:40:21.949294Z,193.00,0.0300,0.9700,yes
422e941c-4448-4a0b-9296-bda7e44f3c90,KXCABOUT-29-LM,2025-06-19T02:40:21.949294Z,537.00,0.0300,0.9700,yes
38b48d46-7015-4a78-8b55-736f6435e891,KXCABOUT-29-LM,2025-06-19T02:40:21.949294Z,200.00,0.0300,0.9700,yes
136ba2fe-d773-48ca-b97f-758bad687fc5,KXCABOUT-29-LM,2025-06-19T02:40:21.949294Z,100.00,0.0300,0.9700,yes
a8f2f6d4-d2c0-44e2-8446-66b3d0635c97,KXCABOUT-29-LM,2025-06-19T02:17:50.845519Z,120.00,0.0200,0.9800,no
93789f70-edaf-4292-82bd-dc9dcaf8f9e6,KXCABOUT-29-LM,2025-06-19T02:17:50.845519Z,1.00,0.0200,0.9800,no
aa29b8ff-ff9e-441a-9ac6-6100a49d3836,KXCABOUT-29-LM,2025-06-19T01:52:05.023857Z,499.00,0.0200,0.9800,no
4cb1631d-b31b-4a97-8727-bc63df75b30d,KXCABOUT-29-LM,2025-06-19T01:52:05.023857Z,1.00,0.0200,0.9800,no
97869ad3-dcc7-44e0-84be-5c3dda4bae3f,KXCABOUT-29-LM,2025-06-18T19:40:58.79304Z,5.00,0.0300,0.9700,yes
6a3215a0-49c0-4c4d-ac05-f5c7aca60477,KXCABOUT-29-LM,2025-06-18T19:40:58.79304Z,3.00,0.0300,0.9700,yes
b5417c9c-9c88-42f1-9c07-ba7637e13fd9,KXCABOUT-29-LM,2025-06-18T02:56:09.943531Z,46.00,0.0400,0.9600,yes
830862e1-8286-404b-91e6-f546ec2fa7a5,KXCABOUT-29-LM,2025-06-18T02:56:09.943531Z,70.00,0.0400,0.9600,yes
32933c2e-7967-486b-a9c5-792002b41f71,KXCABOUT-29-LM,2025-06-17T20:07:01.605689Z,50.00,0.0300,0.9700,no
f48acd47-d5a2-4e98-907f-352ee3a408e0,KXCABOUT-29-LM,2025-06-17T20:00:33.900537Z,209.00,0.0300,0.9700,no
38ac033b-01d8-4a59-883a-05ab64f8f5f1,KXCABOUT-29-LM,2025-06-17T19:58:06.897918Z,159.00,0.0300,0.9700,no
3157a0ce-124c-4f64-be93-98e8df7f6aa9,KXCABOUT-29-LM,2025-06-17T19:58:06.897918Z,41.00,0.0300,0.9700,no
cb076c53-6110-4bba-a106-91d845755be7,KXCABOUT-29-LM,2025-06-11T23:43:47.643714Z,690.00,0.0400,0.9600,yes
790cc534-7050-4635-b276-7f0ef29a7b0a,KXCABOUT-29-LM,2025-06-11T00:30:20.165229Z,15.00,0.0500,0.9500,yes
4cd13db2-db01-4b32-9e96-489a16737049,KXCABOUT-29-LM,2025-06-11T00:30:20.165229Z,4.00,0.0400,0.9600,yes
e0d144f1-50ed-4ec0-91b5-3d6876758a14,KXCABOUT-29-LM,2025-06-04T01:09:36.811713Z,7.00,0.0400,0.9600,no
aa002d27-32da-4c11-975f-afaa46f69e79,KXCABOUT-29-LM,2025-05-24T17:49:41.496755Z,25.00,0.0400,0.9600,no
77d9c8c0-3aaa-4021-977c-3b4157264cc2,KXCABOUT-29-LM,2025-05-23T19:26:58.839996Z,16.00,0.0300,0.9700,no
d9733b77-ed0b-47ef-8436-5b90be8dc969,KXCABOUT-29-LM,2025-05-18T16:39:36.483932Z,10.00,0.0500,0.9500,no
09fbfce6-acb0-4a2c-b8ad-f063e509285e,KXCABOUT-29-LM,2025-05-18T16:38:45.831343Z,15.00,0.0500,0.9500,no
7effd130-5b9b-4411-b1f9-8e16107d838c,KXCABOUT-29-LM,2025-05-16T20:36:30.728949Z,2.00,0.0500,0.9500,no
5e3da946-c391-4a56-98af-c871e609e7a9,KXCABOUT-29-LM,2025-05-15T19:55:57.248757Z,2.00,0.0500,0.9500,no
7865619e-d41f-44ac-a494-163b046b9d87,KXCABOUT-29-LM,2025-05-15T04:52:38.135398Z,257.00,0.0600,0.9400,yes
377c8e29-ba01-40f4-8e2f-73a840705eb8,KXCABOUT-29-LM,2025-05-15T04:52:38.135398Z,40.00,0.0600,0.9400,yes
ddd9f22a-4b90-4b99-82aa-629892e07033,KXCABOUT-29-LM,2025-05-15T04:51:29.558903Z,78.00,0.0600,0.9400,yes
a7594766-23b2-4754-a320-7b931fa8f786,KXCABOUT-29-LM,2025-05-14T23:06:55.521906Z,159.00,0.0500,0.9500,yes
81bdaf4d-dae1-4b0f-9296-f6f018343207,KXCABOUT-29-LM,2025-05-14T23:06:55.521906Z,1.00,0.0500,0.9500,yes
03a4a1a4-fafe-4080-9eac-72beb5cf4ab4,KXCABOUT-29-LM,2025-05-14T23:06:55.521906Z,40.00,0.0500,0.9500,yes
cc247c64-1c4d-4886-9235-c6e5a6e6ddea,KXCABOUT-29-LM,2025-05-09T01:09:35.520343Z,1.00,0.0600,0.9400,yes
24abf2ef-31ce-4eed-b2bb-83651d77c548,KXCABOUT-29-LM,2025-05-08T23:25:14.823739Z,15.00,0.0600,0.9400,yes
757eb69c-91fd-4a8b-8a0f-9e1a75493422,KXCABOUT-29-LM,2025-05-08T18:51:16.972016Z,16.00,0.0600,0.9400,yes
645ef97a-2827-40e8-af6f-3edbe7a3ff25,KXCABOUT-29-LM,2025-05-07T16:19:18.632228Z,762.00,0.0500,0.9500,no
14ebaa00-0971-45b5-a647-55b0b7f6e797,KXCABOUT-29-LM,2025-05-07T15:41:50.682155Z,330.00,0.0500,0.9500,no
8f3b57c6-67e2-4547-86f9-cfb78ac64de8,KXCABOUT-29-LM,2025-05-06T16:28:57.525828Z,78.00,0.0600,0.9400,yes
20bbd4de-302d-4a03-b7cb-100bde349028,KXCABOUT-29-LM,2025-05-01T17:53:27.03821Z,4.00,0.0600,0.9400,yes
8543c468-a598-4038-994e-452b9a01b67a,KXCABOUT-29-LM,2025-04-30T19:24:16.288392Z,1.00,0.0700,0.9300,yes
4a1c5dc0-8f3c-4644-b05a-befb1b124a95,KXCABOUT-29-LM,2025-04-30T19:24:16.288392Z,6.00,0.0600,0.9400,yes
3a4ac86e-00e2-4842-a21e-99429b9c8971,KXCABOUT-29-LM,2025-04-26T21:20:05.434593Z,1.00,0.0500,0.9500,no
b7dce613-b748-4b42-b383-bfe54164cedf,KXCABOUT-29-LM,2025-04-26T19:43:34.248966Z,100.00,0.0500,0.9500,no
7f909e8a-a4e6-4a9a-84c2-7683f651188a,KXCABOUT-29-LM,2025-04-25T16:11:38.838048Z,12.00,0.0700,0.9300,yes
58640833-31d9-43f8-87ff-aecb2807d21f,KXCABOUT-29-LM,2025-04-25T02:38:27.199376Z,53.00,0.0700,0.9300,yes
f25e49be-d3cb-4b59-9a5c-2dd125005f7d,KXCABOUT-29-LM,2025-04-23T20:29:22.054613Z,2000.00,0.0700,0.9300,yes
ec4b9256-8d00-422e-a32b-95520c691876,KXCABOUT-29-LM,2025-04-23T20:29:22.054613Z,89.00,0.0700,0.9300,yes
8baa2e2c-50cc-4d78-be68-828b96d5bb38,KXCABOUT-29-LM,2025-04-23T20:29:22.054613Z,419.00,0.0600,0.9400,yes
61c8d019-2074-4ee0-91b9-22d239b38350,KXCABOUT-29-LM,2025-04-23T20:29:22.054613Z,273.00,0.0500,0.9500,yes
20371629-6d81-4afe-81f9-495de761dfae,KXCABOUT-29-LM,2025-04-23T20:29:22.054613Z,4.00,0.0600,0.9400,yes
5a8432f6-ad77-4375-a087-8d7126bc81fb,KXCABOUT-29-LM,2025-04-23T16:07:26.067674Z,100.00,0.0500,0.9500,yes
218d02a0-83d4-402f-b3ad-74930a357ad0,KXCABOUT-29-LM,2025-04-23T06:57:50.143876Z,1.00,0.0500,0.9500,yes
9faf027b-8bee-4063-8958-8b801fb53b36,KXCABOUT-29-LM,2025-04-23T03:00:06.51365Z,5.00,0.0400,0.9600,no
affa414b-19e8-46e9-bf9a-fd3162484da9,KXCABOUT-29-LM,2025-04-23T00:39:46.931167Z,14.00,0.0500,0.9500,no
7219cbc6-7f3a-4292-950e-29315d328f08,KXCABOUT-29-LM,2025-04-23T00:05:38.442027Z,36.00,0.0500,0.9500,no
84b0d287-38b5-4faf-9971-9d8cb249ee00,KXCABOUT-29-LM,2025-04-22T22:50:26.006563Z,1.00,0.0600,0.9400,yes
63a994c7-e824-468a-8a6d-5f7aba624aa3,KXCABOUT-29-LM,2025-04-22T22:50:26.006563Z,2.00,0.0600,0.9400,yes
2a822229-1a7d-4288-b71e-ff1aa251ded3,KXCABOUT-29-LM,2025-04-22T22:50:26.006563Z,1.00,0.0700,0.9300,yes
7370c8f2-a747-43f7-9132-e9b6ca95fb2f,KXCABOUT-29-LM,2025-04-22T22:50:17.060106Z,157.00,0.0500,0.9500,yes
cad5d8b6-c477-4f31-9c6d-a78de5a273f8,KXCABOUT-29-LM,2025-04-22T22:35:49.86514Z,157.00,0.0500,0.9500,yes
865b53e5-e3e9-41b5-b79a-05863aef4402,KXCABOUT-29-LM,2025-04-22T22:35:49.86514Z,43.00,0.0500,0.9500,yes
53306f72-cbae-49c8-a903-ca03e968af41,KXCABOUT-29-LM,2025-04-22T02:46:32.83598Z,48.00,0.0300,0.9700,no
36ea90c8-d2b4-4e5b-9e0c-93dc506394fa,KXCABOUT-29-LM,2025-04-22T02:46:32.83598Z,252.00,0.0300,0.9700,no
1b571414-63c3-42d1-ad03-8c38b9ae7ff4,KXCABOUT-29-LM,2025-04-21T22:54:13.095698Z,2.00,0.0300,0.9700,no
f02a93d4-036d-4f7a-a324-3ce6a390235a,KXCABOUT-29-LM,2025-04-21T22:54:07.039063Z,10.00,0.0400,0.9600,yes
0d5f105f-b971-45bf-add1-04e0108219cd,KXCABOUT-29-LM,2025-04-21T19:21:44.30101Z,10.00,0.0500,0.9500,yes
900878c1-94bc-4dda-a720-815ac0da814b,KXCABOUT-29-LM,2025-04-21T18:37:15.29189Z,40.00,0.0300,0.9700,no
07947d9c-589c-4690-9636-737f20e18b62,KXCABOUT-29-LM,2025-04-21T18:37:15.29189Z,101.00,0.0300,0.9700,no
9c5dae0c-6060-44c6-9aa5-d10ab317f9fb,KXCABOUT-29-LM,2025-04-21T18:34:34.766348Z,52.00,0.0300,0.9700,no
6f1d3abb-3c7b-46e7-a119-2534ab009092,KXCABOUT-29-LM,2025-04-21T18:34:34.766348Z,25.00,0.0400,0.9600,no
4ad9cec2-3d69-4319-8fa2-035fc5a4d07c,KXCABOUT-29-LM,2025-04-21T18:34:34.766348Z,72.00,0.0300,0.9700,no
2a5b66c5-4816-4695-8a57-4fbb72bdcb91,KXCABOUT-29-LM,2025-04-21T18:34:34.766348Z,35.00,0.0300,0.9700,no
0610e237-e7ce-46dd-a206-8ec9f8db4387,KXCABOUT-29-LM,2025-04-21T18:21:50.235892Z,5.00,0.0400,0.9600,no
4c727680-0a62-4bd8-83b6-056a1d486b3c,KXCABOUT-29-LM,2025-04-21T17:26:46.562396Z,1.00,0.0400,0.9600,no
2173d181-e8f5-4ce7-93f8-8d9dfb08fa8b,KXCABOUT-29-LM,2025-04-21T17:26:31.033518Z,57.00,0.0400,0.9600,no
e1fd0827-f89d-484c-8364-d0fc3c4f2d2d,KXCABOUT-29-LM,2025-04-21T17:23:24.205463Z,4.00,0.0400,0.9600,no
ba8f8408-ba8e-4259-82ab-8d20e31326d3,KXCABOUT-29-LM,2025-04-21T17:23:20.735493Z,25.00,0.0400,0.9600,no
b9224245-c0ca-40c2-b08f-810df0250aa7,KXCABOUT-29-LM,2025-04-21T17:23:20.433942Z,25.00,0.0400,0.9600,no
fac0bb72-e3e8-4a7a-8e33-0a23447b7bb2,KXCABOUT-29-LM,2025-04-21T17:23:18.952383Z,25.00,0.0400,0.9600,no
91ee8c7a-fe72-4974-912f-83ae2c68e433,KXCABOUT-29-LM,2025-04-21T17:23:18.952383Z,95.00,0.0400,0.9600,no
0489219d-cb84-4730-ab39-ea6cf2520916,KXCABOUT-29-LM,2025-04-21T17:23:17.534524Z,16.00,0.0500,0.9500,no
b9da835a-a022-4f4c-ad0d-02a0fcd36ff0,KXCABOUT-29-LM,2025-04-21T17:23:16.460681Z,4.00,0.0500,0.9500,no
207df51f-d6c4-40ee-928a-91f761f97487,KXCABOUT-29-LM,2025-04-21T17:21:26.206322Z,44.00,0.0500,0.9500,no
eb874e17-ce12-4841-8273-07cf63148167,KXCABOUT-29-LM,2025-04-21T17:21:25.342949Z,54.00,0.0500,0.9500,no
b81f4616-f33f-474d-8010-9a5be4e6d495,KXCABOUT-29-LM,2025-04-21T17:21:23.906596Z,9.00,0.0500,0.9500,no
77556335-acf3-484a-b2d9-92bcee4a1756,KXCABOUT-29-LM,2025-04-21T17:21:22.473067Z,4.00,0.0500,0.9500,no
48a01099-002d-43e8-a4f7-d1eb3d396243,KXCABOUT-29-LM,2025-04-21T17:21:21.584708Z,14.00,0.0500,0.9500,no
e79403fd-5655-432a-a027-ce55adf7bead,KXCABOUT-29-LM,2025-04-21T17:20:07.034208Z,9.00,0.0500,0.9500,no
2cd3721a-3397-4fbe-8c80-902afc96ebeb,KXCABOUT-29-LM,2025-04-21T17:20:02.116697Z,5.00,0.0600,0.9400,no
a2616b18-cb6d-49d3-b6a3-cfd1f6b0ca04,KXCABOUT-29-LM,2025-04-21T17:19:53.676877Z,10.00,0.0600,0.9400,no
2910f9cb-ea4b-4467-be05-028de98ac9e3,KXCABOUT-29-LM,2025-04-21T16:43:21.122611Z,25.00,0.1000,0.9000,yes
94c782cd-4aa7-4296-a195-3e01a2d102b4,KXCABOUT-29-LM,2025-04-21T01:25:42.261929Z,1.00,0.0500,0.9500,no
fcb8d8df-78f4-476e-a8ce-8e4070212886,KXCABOUT-29-LM,2025-04-21T01:21:08.45126Z,1.00,0.0800,0.9200,no
4952ecb1-80a9-4c95-ae9f-c126132d3444,KXCABOUT-29-LM,2025-04-21T00:19:51.221824Z,15.00,0.1000,0.9000,no
d252340a-cb0a-4020-bb5e-a672956054fd,KXCABOUT-29-LM,2025-04-20T23:38:56.837481Z,6.00,0.1000,0.9000,no
827e7f0f-1666-43bb-9788-620c930e71fe,KXCABOUT-29-LM,2025-04-20T23:38:50.365137Z,1.00,0.1000,0.9000,no
d036c3e1-4225-42e2-99d0-8ab1813e8964,KXCABOUT-29-LM,2025-04-11T05:33:36.522538Z,40.00,0.1200,0.8800,yes
baac9ca2-5999-4734-b73d-370095cd62f7,KXCABOUT-29-LM,2025-04-11T05:33:36.522538Z,59.00,0.1200,0.8800,yes
3e4e6300-d30a-4073-b602-d99972a1e268,KXCABOUT-29-LM,2025-04-11T05:33:36.522538Z,348.00,0.1400,0.8600,yes
151bcc17-d6c2-42d4-a3d6-ec8ab19418e4,KXCABOUT-29-LM,2025-04-11T05:33:36.522538Z,105.00,0.1400,0.8600,yes
03d97794-78fa-4652-81f5-41c0e71e1753,KXCABOUT-29-LM,2025-04-11T05:33:36.522538Z,4.00,0.1200,0.8800,yes
f59411e5-136f-4d48-9cc5-7a37e5b2d81e,KXCABOUT-29-LM,2025-04-10T20:44:36.187266Z,12.00,0.1100,0.8900,no
f4b1c15d-d2a2-4ab7-b881-914c3aefd3e8,KXCABOUT-29-LM,2025-04-10T20:44:36.187266Z,329.00,0.0900,0.9100,no
9e2623a1-0b55-4c01-8230-c4854809fbc1,KXCABOUT-29-LM,2025-04-10T20:44:36.187266Z,59.00,0.1100,0.8900,no
68b3e4ba-2e09-4654-a3ce-c1f40eea3992,KXCABOUT-29-LM,2025-04-10T20:44:36.187266Z,156.00,0.1100,0.8900,no
e75c65d2-8ad5-43b5-8056-1a3ff5c8ae7b,KXCABOUT-29-LM,2025-04-10T20:44:33.452015Z,10.00,0.1300,0.8700,yes
6beadc0b-5f19-4237-864e-b0be9abc1383,KXCABOUT-29-LM,2025-04-10T20:44:33.452015Z,22.00,0.1500,0.8500,yes
f1b09c0e-e572-4680-9248-3156ee7f3f7b,KXCABOUT-29-LM,2025-04-10T12:02:35.494409Z,189.00,0.1100,0.8900,yes
ddceb8b5-4715-46a3-ac06-1cfeccb3a342,KXCABOUT-29-LM,2025-04-10T12:02:35.494409Z,3.00,0.1100,0.8900,yes
c8c1b2d9-9a7a-4615-84fa-3bf408506b8c,KXCABOUT-29-LM,2025-04-10T12:02:30.365335Z,4.00,0.1100,0.8900,yes
394538ea-f9bc-4c0a-9579-989467bf135f,KXCABOUT-29-LM,2025-04-10T12:02:27.815085Z,5.00,0.1100,0.8900,yes
3d0fd1b1-0a32-40c6-b1a5-4fc0bb1bd93d,KXCABOUT-29-LM,2025-04-10T12:02:17.424681Z,2.00,0.1100,0.8900,yes
c4bf29a3-fb60-4145-9e96-026c488004d3,KXCABOUT-29-LM,2025-04-08T19:42:21.861141Z,45.00,0.1000,0.9000,no
20241ed3-8a15-4e01-a985-59723bf58147,KXCABOUT-29-LM,2025-04-06T19:02:10.051214Z,31.00,0.1300,0.8700,no
2ff90b31-9a48-45be-8071-59eed2937a3a,KXCABOUT-29-LM,2025-04-06T16:50:31.679418Z,63.00,0.1400,0.8600,no
6fe2e83f-7a92-47f8-9c95-f41d1b0b00a7,KXCABOUT-29-LM,2025-04-06T15:50:25.236367Z,8.00,0.1400,0.8600,no
ff404e92-19c1-49b0-ad70-c445aca0bb4e,KXCABOUT-29-LM,2025-04-06T13:50:16.119416Z,29.00,0.1500,0.8500,no
5b85e08b-1cc2-4201-b4df-fc84d2a7f358,KXCABOUT-29-LM,2025-04-05T21:40:03.243232Z,13.00,0.1300,0.8700,no
0920f647-2dff-4241-921e-cda1f2935ea4,KXCABOUT-29-LM,2025-04-05T21:40:02.340739Z,9.00,0.1300,0.8700,no
6d8655cd-4162-4bfc-8f93-100ea976adc6,KXCABOUT-29-LM,2025-04-05T21:38:47.393814Z,5.00,0.1300,0.8700,no
0bc3e48c-8430-4f32-ab3f-ffff78f23ba6,KXCABOUT-29-LM,2025-04-05T21:31:33.971569Z,52.00,0.1300,0.8700,no
2076d496-cd53-48a6-9069-468059efbf2b,KXCABOUT-29-LM,2025-04-05T21:30:55.861018Z,128.00,0.1300,0.8700,no
4fe5d25c-ebaf-4d28-92aa-f9c2961b3243,KXCABOUT-29-LM,2025-04-05T21:30:55.004331Z,20.00,0.1300,0.8700,no
3ef43614-4ee8-49d3-992b-5c96975a2d54,KXCABOUT-29-LM,2025-04-05T21:30:50.316184Z,15.00,0.1300,0.8700,no
919005da-4d5e-4f9d-867f-7c209d6d28af,KXCABOUT-29-LM,2025-04-05T21:30:48.835193Z,5.00,0.1300,0.8700,no
f68a20b2-fe25-46f2-ba81-78054a773030,KXCABOUT-29-LM,2025-04-05T03:32:44.5856Z,10.00,0.1300,0.8700,no
20a49a4e-30b7-45e7-ba41-0baaf19b50bc,KXCABOUT-29-LM,2025-04-03T14:45:23.773812Z,1.00,0.1300,0.8700,no
2afb6221-a884-4beb-b559-8643992dcfd5,KXCABOUT-29-LM,2025-04-02T01:28:50.831012Z,102.00,0.1300,0.8700,no
5ce5cb09-0ac5-430f-b019-a340a7be1eca,KXCABOUT-29-LM,2025-04-01T20:01:39.279404Z,100.00,0.1300,0.8700,no
ff4b257e-20cf-4217-856b-293bc1ef4933,KXCABOUT-29-LM,2025-03-27T18:50:31.298833Z,60.00,0.1300,0.8700,no
49207c00-7dcf-4042-915d-582296550eed,KXCABOUT-29-LM,2025-03-27T18:50:31.298833Z,40.00,0.1300,0.8700,no
4aa695e6-c8fd-4be5-a7e6-e63970dc3520,KXCABOUT-29-LM,2025-03-27T18:09:58.389174Z,40.00,0.1200,0.8800,no
d6a04c75-4167-4b87-81d2-5af26843faaa,KXCABOUT-29-LM,2025-03-27T18:09:20.951681Z,4.00,0.1200,0.8800,no
ff1555ef-3f23-491d-889a-d26640564685,KXCABOUT-29-LM,2025-03-27T18:07:12.666376Z,6.00,0.0400,0.9600,no
e7435ea5-9c36-455c-abc4-7af101a9cee0,KXCABOUT-29-LM,2025-03-27T18:06:52.115948Z,69.00,0.0400,0.9600,no
0467d227-6baa-4be4-aa53-ae3f9ef36544,KXCABOUT-29-LM,2025-03-27T18:06:52.115948Z,25.00,0.0400,0.9600,no
588beeee-05a6-4ae6-83eb-9eedd67b879e,KXCABOUT-29-LM,2025-03-27T18:06:37.980906Z,1.00,0.1000,0.9000,no
ff5ddfcb-539b-4237-aa8c-7151c9f66d9f,KXCABOUT-29-LM,2025-03-27T18:04:59.337954Z,5.00,0.1300,0.8700,no
85e90505-397b-48df-b004-0bdc59bca88a,KXCABOUT-29-LM,2025-03-27T01:35:13.444896Z,3.00,0.1300,0.8700,no
30d6e345-bae6-4fae-9a94-3e57f51247cb,KXCABOUT-29-LM,2025-03-26T20:26:37.924202Z,9.00,0.1500,0.8500,no
a4d74f6e-61bf-4c8b-b1a8-53861afbf521,KXCABOUT-29-LM,2025-03-26T20:26:34.909333Z,17.00,0.1500,0.8500,no
9af817f5-cce5-45e1-99ff-6ea865812fdf,KXCABOUT-29-LM,2025-03-26T16:23:18.906984Z,16.00,0.1400,0.8600,no
7b2227be-c0ed-476b-b69d-ecbcc87988ad,KXCABOUT-29-LM,2025-03-26T16:23:13.358502Z,16.00,0.1400,0.8600,no
c93283fd-4fc1-48f6-904d-b1c59010e06b,KXCABOUT-29-LM,2025-03-26T14:51:13.633699Z,16.00,0.1300,0.8700,no
45ff772e-ec58-452a-83c6-c39e3059fee8,KXCABOUT-29-LM,2025-03-26T14:51:11.425055Z,16.00,0.1300,0.8700,no
f2bd422f-44ed-41f9-a80d-f8ad8bbf727e,KXCABOUT-29-LM,2025-03-26T14:18:06.955541Z,16.00,0.1300,0.8700,no
3a49f7b2-8786-4493-bb7e-4c9e54e9f971,KXCABOUT-29-LM,2025-03-26T14:18:04.37098Z,15.00,0.1300,0.8700,no
7a7b917e-960d-4fcc-8d89-0746ebb23cee,KXCABOUT-29-LM,2025-03-26T13:42:40.617332Z,3.00,0.1300,0.8700,no
eab5370f-f56a-4a55-b434-ede7c13b8f72,KXCABOUT-29-LM,2025-03-26T13:42:27.394087Z,5.00,0.1300,0.8700,no
384bdcc4-da6d-44e5-b6f4-6209c45dac5d,KXCABOUT-29-LM,2025-03-26T13:42:08.96075Z,17.00,0.1200,0.8800,no
806e88fe-8664-44ce-b75d-1a65747d9633,KXCABOUT-29-LM,2025-03-26T13:38:06.520891Z,15.00,0.1200,0.8800,no
15dafe2f-57c3-4ef7-a302-b7dab176b39b,KXCABOUT-29-LM,2025-03-26T13:35:15.702446Z,6.00,0.1200,0.8800,no
e04bff31-3264-4eee-a497-b9cd521346ca,KXCABOUT-29-LM,2025-03-26T13:33:26.391622Z,4.00,0.1200,0.8800,no
41b43858-e97c-4a76-82c1-bc73be2d5a7a,KXCABOUT-29-LM,2025-03-26T13:33:20.660957Z,40.00,0.1200,0.8800,no
bf30a8dc-bba8-4f4f-aba0-7596a61c078d,KXCABOUT-29-LM,2025-03-26T13:33:16.349438Z,11.00,0.1300,0.8700,no
63832bd1-acf0-40e0-bcfc-fcc19a90ff21,KXCABOUT-29-LM,2025-03-26T13:33:13.779344Z,2.00,0.1300,0.8700,no
ed9058d8-5158-4e5e-ba9d-8372aa838e73,KXCABOUT-29-LM,2025-03-26T13:33:08.038898Z,18.00,0.1300,0.8700,no
9b47e6d0-b045-4ca1-80c8-ffd13477d203,KXCABOUT-29-LM,2025-03-26T13:33:05.428069Z,14.00,0.1300,0.8700,no
17e83910-63b5-4ed7-98b5-4a969d3f3ffb,KXCABOUT-29-LM,2025-03-26T13:32:54.328241Z,10.00,0.1300,0.8700,no
19f97bed-76d5-45aa-8de6-80f547e426ec,KXCABOUT-29-LM,2025-03-26T06:56:57.654887Z,30.00,0.1500,0.8500,no
cdb0f423-3301-4f80-a9b4-56fdfd055c2f,KXCABOUT-29-LM,2025-03-24T19:33:42.93553Z,6.00,0.1400,0.8600,no
cceb099a-7894-4513-8ecf-0d6bf674bed6,KXCABOUT-29-LM,2025-03-24T19:33:42.93553Z,4.00,0.1400,0.8600,no
e043c2db-0619-4904-bd7c-671b3b16a50f,KXCABOUT-29-LM,2025-03-24T18:13:14.827396Z,11.00,0.1500,0.8500,no
45e65ce9-cdf7-43f8-b507-ee695a66592a,KXCABOUT-29-LM,2025-03-24T16:20:51.053431Z,22.00,0.1500,0.8500,no
fc4f5473-1453-473a-824d-6613c9c877a9,KXCABOUT-29-LM,2025-03-24T13:56:12.364681Z,1.00,0.1500,0.8500,no
1f587b73-c224-4b99-aaa8-4d148e7348dd,KXCABOUT-29-LM,2025-03-22T14:56:14.131673Z,41.00,0.2300,0.7700,yes
613f58d0-3b8f-4d37-b13d-c70f5206e191,KXCABOUT-29-LM,2025-03-12T22:54:15.990345Z,1.00,0.1900,0.8100,no
4f41f74a-28d3-4b7f-942e-eb18d7174d1f,KXCABOUT-29-LM,2025-03-12T20:26:34.846615Z,14.00,0.2200,0.7800,no
2b8a20fb-a22b-4b4c-a814-b3e5bf09975a,KXCABOUT-29-LM,2025-03-12T18:27:12.227515Z,14.00,0.2500,0.7500,yes
557aaefa-5f29-4cd4-8a5b-1a466a2e1472,KXCABOUT-29-LM,2025-03-10T21:28:09.033309Z,1.00,0.2300,0.7700,no
0a570583-e997-4a68-a01b-b155ffc26d3c,KXCABOUT-29-LM,2025-03-10T21:28:09.033309Z,1.00,0.2300,0.7700,no
0f0af030-5252-41d7-90ba-19b40668a5b7,KXCABOUT-29-LM,2025-03-06T21:11:07.592412Z,2.00,0.2400,0.7600,yes
0689f07c-013f-4d59-ab84-8eaee68413f8,KXCABOUT-29-LM,2025-03-06T21:11:07.592412Z,1.00,0.2400,0.7600,yes
582f9cb2-bf87-48f2-b2e7-a1cf51df1325,KXCABOUT-29-LM,2025-03-06T03:59:54.97801Z,2.00,0.1700,0.8300,yes
57b32229-fdfa-449e-9e5b-a78810138bdf,KXCABOUT-29-LM,2025-03-06T03:59:54.97801Z,1000.00,0.2100,0.7900,yes
4a8219e1-4e79-43ac-9239-39f6fc88e48d,KXCABOUT-29-LM,2025-03-06T03:59:54.97801Z,23.00,0.1700,0.8300,yes
318701a7-4dbc-4540-a994-6b47b48e0e6e,KXCABOUT-29-LM,2025-03-06T03:59:54.97801Z,1000.00,0.1900,0.8100,yes
30ba84b6-9b85-4463-9d29-bd6c5e180cdb,KXCABOUT-29-LM,2025-03-06T03:59:54.97801Z,3.00,0.1700,0.8300,yes
27301576-2b96-42a2-bcfb-19f918461bac,KXCABOUT-29-LM,2025-03-06T03:59:54.97801Z,80.00,0.1700,0.8300,yes
2267eac1-ea3e-421b-8956-80deb0c24ac3,KXCABOUT-29-LM,2025-03-06T03:59:54.97801Z,43.00,0.1800,0.8200,yes
32a94117-6ffa-4421-bd9e-fa73be867741,KXCABOUT-29-LM,2025-03-06T02:37:39.608501Z,47.00,0.1200,0.8800,no
94025ab2-9bc9-43d2-996f-8bda0f2144f8,KXCABOUT-29-LM,2025-03-03T23:28:59.272314Z,44.00,0.2000,0.8000,yes
58f6d83f-f3cb-44a7-a0d0-09276065baea,KXCABOUT-29-LM,2025-03-03T23:28:59.272314Z,3.00,0.1800,0.8200,yes
bdeb4e05-8a78-4501-ba1e-857c2d807eab,KXCABOUT-29-LM,2025-02-26T15:33:41.879607Z,14.00,0.1300,0.8700,no
89475b40-639e-430a-aaeb-7ea78cc5b1d3,KXCABOUT-29-LM,2025-02-26T15:33:41.879607Z,10.00,0.1400,0.8600,no
339eac16-23bc-4ee0-ba49-a1611137102f,KXCABOUT-29-LM,2025-02-26T15:33:41.879607Z,68.00,0.1300,0.8700,no
0f9fb80d-c9a5-4daf-863f-3e0755fb29d6,KXCABOUT-29-LM,2025-02-26T15:33:41.879607Z,9.00,0.1200,0.8800,no
0f50a505-fd35-4418-9912-25a846ce64d4,KXCABOUT-29-LM,2025-02-26T15:33:41.879607Z,14.00,0.1200,0.8800,no
fc237ff8-a930-42a0-94ba-36a5a6de3821,KXCABOUT-29-LM,2025-02-22T00:08:40.094388Z,10.00,0.1700,0.8300,yes
99d5e5b3-c148-4104-a42d-07b8b7e304e5,KXCABOUT-29-LM,2025-02-22T00:08:40.094388Z,12.00,0.2400,0.7600,yes
b47d4331-aea0-4606-860c-7d2c549036cc,KXCABOUT-29-LM,2025-02-21T14:44:32.552889Z,1.00,0.1600,0.8400,no
9d6e6deb-1e80-452c-b9d9-4771c927d34a,KXCABOUT-29-LM,2025-02-19T01:47:27.085011Z,50.00,0.2300,0.7700,yes
90f6174e-a011-4b40-abab-49a36a07b31e,KXCABOUT-29-LM,2025-02-19T01:47:27.085011Z,49.00,0.1700,0.8300,yes
6dbb5e61-59f6-4dd3-8ed7-be9a659f4406,KXCABOUT-29-LM,2025-02-19T01:47:27.085011Z,1.00,0.1700,0.8300,yes
175b5699-9427-4ff3-a080-95110beea77a,KXCABOUT-29-LM,2025-02-19T01:47:27.085011Z,15.00,0.2400,0.7600,yes
f38db658-66cb-4d09-beda-840ecf6d7abc,KXCABOUT-29-LM,2025-02-14T20:43:51.472747Z,352.00,0.1400,0.8600,yes
ef95927e-7804-4c12-bd03-22a864a9319e,KXCABOUT-29-LM,2025-02-14T20:43:51.472747Z,1000.00,0.1600,0.8400,yes
70f0a60a-55e9-4cd9-85ac-c9cbdf828ee9,KXCABOUT-29-LM,2025-02-14T03:26:02.118317Z,134.00,0.1400,0.8600,yes
f0cc7e17-6185-4e66-a39f-c54cbeb1bd30,KXCABOUT-29-LM,2025-02-13T23:54:55.695542Z,51.00,0.1300,0.8700,yes
ae43ba82-3f52-4f74-a91c-f20d8137b376,KXCABOUT-29-LM,2025-02-13T23:54:55.695542Z,50.00,0.1200,0.8800,yes
9aeb4496-fbfb-47f6-b170-fe2c503634fc,KXCABOUT-29-LM,2025-02-13T23:54:55.695542Z,187.00,0.1300,0.8700,yes
7b20b79e-a4f8-4d69-af07-8fbe2fe76c21,KXCABOUT-29-LM,2025-02-13T23:54:55.695542Z,50.00,0.1200,0.8800,yes
080da94f-0517-41b9-b24f-c2bffb8bb8e8,KXCABOUT-29-LM,2025-02-13T23:54:55.695542Z,11.00,0.1100,0.8900,yes
03accfd8-900d-4462-b66d-7ffea090ac12,KXCABOUT-29-LM,2025-02-13T23:54:55.695542Z,12.00,0.1300,0.8700,yes
7808cd2f-ed82-4e8c-98e8-1452d2eb42b3,KXCABOUT-29-LM,2025-02-13T20:11:53.1501Z,5.00,0.0600,0.9400,yes
b7554cbb-350b-4bac-b271-cc523790f6e2,KXCABOUT-29-LM,2025-01-26T06:39:41.178984Z,5.00,0.0600,0.9400,yes
