trade_id,ticker,created_time,count_fp,yes_price_dollars,no_price_dollars,taker_side
1efbddad-e8a0-6f19-0206-f0b1db5afa53,KXNEXTNFLCOACH-BUF27-MMCD,2026-01-28T00:46:19.129076Z,93.00,0.0100,0.9900,yes
a108bc76-47c8-72a9-ad82-95b505b6218f,KXNEXTNFLCOACH-BUF27-MMCD,2026-01-27T18:30:27.217382Z,46.00,0.0100,0.9900,yes
abb5d976-0c34-6929-7e16-4a95e88d9f4b,KXNEXTNFLCOACH-BUF27-MMCD,2026-01-26T02:20:04.778714Z,11.00,0.0100,0.9900,yes
d62b2e79-c34b-5190-6068-5cb0464fda47,KXNEXTNFLCOACH-BUF27-MMCD,2026-01-25T17:04:08.091158Z,56.00,0.0100,0.9900,yes
ad8ea564-c29e-50b9-7d57-5d62b7e9a515,KXNEXTNFLCOACH-BUF27-MMCD,2026-01-25T17:04:08.091158Z,25.00,0.0100,0.9900,yes
5110bd23-bd47-59e1-5c65-47d5be00160e,KXNEXTNFLCOACH-BUF27-MMCD,2026-01-25T17:04:08.091158Z,1.00,0.0100,0.9900,yes
4ad3128f-7652-56df-4fdd-48a13e05a3e7,KXNEXTNFLCOACH-BUF27-MMCD,2026-01-25T17:04:08.091158Z,192.00,0.0200,0.9800,yes
019c466e-2db0-583c-466c-f665915ef6bc,KXNEXTNFLCOACH-BUF27-MMCD,2026-01-25T17:04:08.091158Z,1.00,0.0100,0.9900,yes
187e622a-6c0e-6f5f-202a-c693ac52cecf,KXNEXTNFLCOACH-BUF27-MMCD,2026-01-25T03:57:38.005505Z,467.00,0.0200,0.9800,yes
ae969e02-07b4-4af3-c5f8-45dd7b1d54f1,KXNEXTNFLCOACH-BUF27-MMCD,2026-01-25T03:18:51.849788Z,2.00,0.0100,0.9900,no
2fe385d6-2a21-4487-e3b7-7089f9338a8f,KXNEXTNFLCOACH-BUF27-MMCD,2026-01-25T03:18:51.849788Z,18.00,0.0100,0.9900,no
3357805e-327c-5760-2cdf-0750bf7dab61,KXNEXTNFLCOACH-BUF27-MMCD,2026-01-25T02:07:57.086345Z,54.00,0.0100,0.9900,no
a44c003c-07cb-65f2-cc4f-fee790f30414,KXNEXTNFLCOACH-BUF27-MMCD,2026-01-24T23:51:55.756952Z,62.00,0.0200,0.9800,no
34196f08-0514-62ba-e443-be72d3c4df1f,KXNEXTNFLCOACH-BUF27-MMCD,2026-01-24T23:51:55.756952Z,613.00,0.0100,0.9900,no
9aa77442-f60a-7a8e-153c-4b83633dddd0,KXNEXTNFLCOACH-BUF27-MMCD,2026-01-24T23:44:25.880919Z,482.00,0.0500,0.9500,yes
84338bb1-505e-789a-1557-59978f3e24fd,KXNEXTNFLCOACH-BUF27-MMCD,2026-01-24T23:44:25.880919Z,3174.00,0.0200,0.9800,yes
808b6968-15f5-78df-294b-3637075c57c1,KXNEXTNFLCOACH-BUF27-MMCD,2026-01-24T23:44:25.880919Z,200.00,0.0300,0.9700,yes
2350b348-1024-6a9a-0662-fd3d92f67e9f,KXNEXTNFLCOACH-BUF27-MMCD,2026-01-24T23:39:21.366725Z,39.00,0.0100,0.9900,no
898925b7-dd70-477e-0f1f-e7aac0c4b4cf,KXNEXTNFLCOACH-BUF27-MMCD,2026-01-24T23:11:24.39501Z,28.00,0.0100,0.9900,no
91533ed0-c9bc-6e26-de56-00a2e01faad3,KXNEXTNFLCOACH-BUF27-MMCD,2026-01-24T22:50:54.652594Z,765.00,0.0100,0.9900,no
4b1919e6-b590-6b9a-70d0-e45f3c410a6b,KXNEXTNFLCOACH-BUF27-MMCD,2026-01-24T22:25:12.752744Z,34.00,0.0100,0.9900,no
c4d05c3e-a306-490e-3327-6d05e46518a1,KXNEXTNFLCOACH-BUF27-MMCD,2026-01-24T21:00:58.155708Z,87.00,0.0200,0.9800,yes
df27adf4-64b4-77d2-dcc1-5be0f1ebfde7,KXNEXTNFLCOACH-BUF27-MMCD,2026-01-24T20:42:30.369154Z,14.00,0.0100,0.9900,no
781352da-1539-6f38-82a4-25f2b7265d9a,KXNEXTNFLCOACH-BUF27-MMCD,2026-01-24T20:28:16.491263Z,6.00,0.0100,0.9900,yes
12b2bb72-11fb-61fe-a398-d35530541763,KXNEXTNFLCOACH-BUF27-MMCD,2026-01-24T20:28:16.491263Z,1.00,0.0100,0.9900,yes
65bd72fa-1216-74ca-c1ec-577b466e30dd,KXNEXTNFLCOACH-BUF27-MMCD,2026-01-24T20:09:26.307884Z,1330.00,0.0200,0.9800,yes
3b1b2c8a-d318-7a1d-eb94-c60cada73f4a,KXNEXTNFLCOACH-BUF27-MMCD,2026-01-24T20:09:26.307884Z,3.00,0.0100,0.9900,yes
f0cf471a-23e5-7669-e128-9041fb2375d0,KXNEXTNFLCOACH-BUF27-MMCD,2026-01-24T19:48:31.47343Z,10.00,0.0100,0.9900,no
18158b38-f184-4669-131a-314558a48927,KXNEXTNFLCOACH-BUF27-MMCD,2026-01-24T19:46:35.659417Z,20.00,0.0100,0.9900,yes
bfdea992-d482-4216-5886-41a68e6544f5,KXNEXTNFLCOACH-BUF27-MMCD,2026-01-24T19:40:15.143344Z,409.00,0.0200,0.9800,yes
848a0344-f5e0-4a3a-6a81-ead2801159a8,KXNEXTNFLCOACH-BUF27-MMCD,2026-01-24T19:40:15.143344Z,9.00,0.0100,0.9900,yes
1501cb60-78d3-48d4-6536-78b7b954ccf1,KXNEXTNFLCOACH-BUF27-MMCD,2026-01-24T19:40:15.143344Z,54.00,0.0200,0.9800,yes
c80c6bac-9026-4fd7-bd19-390da179cfae,KXNEXTNFLCOACH-BUF27-MMCD,2026-01-24T18:40:42.918898Z,3.00,0.0100,0.9900,yes
bcb5df65-f01f-4844-bf81-24e3104ea371,KXNEXTNFLCOACH-BUF27-MMCD,2026-01-24T18:40:42.918898Z,232.00,0.0200,0.9800,yes
b8a8620f-ecad-7f36-ab6e-29da27de41ad,KXNEXTNFLCOACH-BUF27-MMCD,2026-01-24T18:34:28.642832Z,1.00,0.0100,0.9900,no
30479684-32c3-4d0c-06fd-c83c7b791ecd,KXNEXTNFLCOACH-BUF27-MMCD,2026-01-24T18:23:23.411771Z,109.00,0.0200,0.9800,yes
3dd972d1-e694-6ff8-08d8-867bc74a10ed,KXNEXTNFLCOACH-BUF27-MMCD,2026-01-24T18:22:36.02025Z,10.00,0.0100,0.9900,yes
c83bf916-8434-5dac-b789-14ca662761b9,KXNEXTNFLCOACH-BUF27-MMCD,2026-01-24T18:21:36.166777Z,10.00,0.0100,0.9900,yes
27ef4455-d8e6-4f16-48e6-bd167a1bfd2a,KXNEXTNFLCOACH-BUF27-MMCD,2026-01-24T18:13:07.597112Z,1110.00,0.0100,0.9900,no
557cb53f-3032-509e-7260-fa791b2d8b4e,KXNEXTNFLCOACH-BUF27-MMCD,2026-01-24T17:58:07.312645Z,71.00,0.0100,0.9900,no
f50032f1-2277-5048-ca27-9f4d14945219,KXNEXTNFLCOACH-BUF27-MMCD,2026-01-24T17:50:12.225218Z,4.00,0.0200,0.9800,yes
ab1781a1-8a9b-72fc-b649-5d4c429fb6a5,KXNEXTNFLCOACH-BUF27-MMCD,2026-01-24T17:34:58.600412Z,1.00,0.0200,0.9800,yes
37c2b942-7eea-748a-f21e-2e53d449c7ea,KXNEXTNFLCOACH-BUF27-MMCD,2026-01-24T17:21:10.779772Z,167.00,0.0100,0.9900,no
0293e568-d069-5648-980d-c624b3b49f4d,KXNEXTNFLCOACH-BUF27-MMCD,2026-01-24T16:42:56.475272Z,24.00,0.0100,0.9900,yes
b1acf257-319b-7089-f6e9-60aa799265cb,KXNEXTNFLCOACH-BUF27-MMCD,2026-01-24T16:05:07.560056Z,17.00,0.0100,0.9900,no
77b4ca1e-9c81-7799-bc98-d76f635bdaba,KXNEXTNFLCOACH-BUF27-MMCD,2026-01-24T16:03:03.366864Z,47.00,0.0100,0.9900,no
db3be89a-3b9b-5f44-46be-68961d599963,KXNEXTNFLCOACH-BUF27-MMCD,2026-01-24T15:37:46.091964Z,20.00,0.0200,0.9800,yes
7971427f-6e40-5845-f633-58c151783004,KXNEXTNFLCOACH-BUF27-MMCD,2026-01-24T15:23:50.805705Z,43.00,0.0200,0.9800,no
d3e3e9b1-f5ed-5811-93d1-233aec73919d,KXNEXTNFLCOACH-BUF27-MMCD,2026-01-24T15:08:59.90096Z,36.00,0.0200,0.9800,no
99d497b1-fd61-6df1-9fab-4a8619605430,KXNEXTNFLCOACH-BUF27-MMCD,2026-01-24T14:50:56.182841Z,17.00,0.0300,0.9700,no
bb89dc29-fbd8-4092-609a-13c8232266fc,KXNEXTNFLCOACH-BUF27-MMCD,2026-01-24T14:49:21.250441Z,100.00,0.0100,0.9900,yes
a1928333-d60e-4f02-7a0b-b8dd7df6c811,KXNEXTNFLCOACH-BUF27-MMCD,2026-01-24T14:49:21.250441Z,28.00,0.0500,0.9500,yes
54859197-4559-47a3-7be5-59db8403c5be,KXNEXTNFLCOACH-BUF27-MMCD,2026-01-24T14:49:21.250441Z,237.00,0.0100,0.9900,yes
2b962d26-17cc-4a0f-7c43-7911172e0149,KXNEXTNFLCOACH-BUF27-MMCD,2026-01-24T14:49:21.250441Z,89.00,0.0300,0.9700,yes
55fa2213-3ffd-525f-a9e3-ee6bf22c7e02,KXNEXTNFLCOACH-BUF27-MMCD,2026-01-24T14:12:55.797842Z,194.00,0.0100,0.9900,yes
8d692e88-eea8-79fd-631f-eb9fe784ef57,KXNEXTNFLCOACH-BUF27-MMCD,2026-01-24T14:12:55.678446Z,469.00,0.0100,0.9900,no
a6f216fd-2927-7758-488c-11cb6a7a2e35,KXNEXTNFLCOACH-BUF27-MMCD,2026-01-24T14:12:39.889146Z,100.00,0.0200,0.9800,no
cb80a030-01f5-7104-c6ef-77fc7e2a6372,KXNEXTNFLCOACH-BUF27-MMCD,2026-01-24T14:10:24.968887Z,15.00,0.0600,0.9400,yes
e19d7ac3-0af3-7cec-9ff9-baf88c5f77d2,KXNEXTNFLCOACH-BUF27-MMCD,2026-01-24T14:06:58.949024Z,100.00,0.0200,0.9800,no
7cc6201d-628c-7f59-8eaf-f5fcacc75c8f,KXNEXTNFLCOACH-BUF27-MMCD,2026-01-24T14:06:58.949024Z,88.00,0.0100,0.9900,no
e5a47c69-277f-6261-ff84-d4099084dcb6,KXNEXTNFLCOACH-BUF27-MMCD,2026-01-24T14:04:31.081896Z,500.00,0.0400,0.9600,yes
a2a710b0-c8f2-6903-f839-6f452cc04084,KXNEXTNFLCOACH-BUF27-MMCD,2026-01-24T14:04:31.081896Z,182.00,0.0700,0.9300,yes
63afca10-70f2-6635-e70d-4e8312d2f75c,KXNEXTNFLCOACH-BUF27-MMCD,2026-01-24T14:04:31.081896Z,22.00,0.0500,0.9500,yes
37c7067b-0459-6b7c-cf52-93dab9625945,KXNEXTNFLCOACH-BUF27-MMCD,2026-01-24T14:04:31.081896Z,100.00,0.0300,0.9700,yes
1b1b062e-caa9-6512-cb6e-d710c7ba5295,KXNEXTNFLCOACH-BUF27-MMCD,2026-01-24T14:04:31.081896Z,200.00,0.0500,0.9500,yes
deb3e459-5374-7051-f49c-010a7c21e58f,KXNEXTNFLCOACH-BUF27-MMCD,2026-01-24T14:02:41.285177Z,257.00,0.0100,0.9900,no
fa52b8bd-d13a-762b-edea-271073fdf51c,KXNEXTNFLCOACH-BUF27-MMCD,2026-01-24T13:54:27.536397Z,984.00,0.0100,0.9900,no
b51cbdde-de25-7cec-d8fb-f45f5fa285f4,KXNEXTNFLCOACH-BUF27-MMCD,2026-01-24T13:54:27.536397Z,5364.00,0.0100,0.9900,no
96a1d4ed-5dba-73f8-da72-464c7df8766f,KXNEXTNFLCOACH-BUF27-MMCD,2026-01-24T13:54:27.536397Z,83.00,0.0100,0.9900,no
6139781c-79a6-7954-e8c6-93037b50be93,KXNEXTNFLCOACH-BUF27-MMCD,2026-01-24T13:54:27.536397Z,1000.00,0.0100,0.9900,no
53121da5-7f6d-7dee-f2ab-e06b899ddb88,KXNEXTNFLCOACH-BUF27-MMCD,2026-01-24T13:54:27.536397Z,1.00,0.0100,0.9900,no
0c5afca3-e235-7505-d427-a24f1a08d9ec,KXNEXTNFLCOACH-BUF27-MMCD,2026-01-24T13:54:27.536397Z,804.00,0.0100,0.9900,no
bde5bbcd-df0d-7534-ea9b-b06fab8f1c1c,KXNEXTNFLCOACH-BUF27-MMCD,2026-01-24T13:52:55.350331Z,1365.00,0.0100,0.9900,no
92f79b78-62e1-678c-5b2b-c965cacc69bc,KXNEXTNFLCOACH-BUF27-MMCD,2026-01-24T13:49:51.340491Z,45.00,0.0100,0.9900,no
dee3e701-9059-5782-8e64-b9dae6c46057,KXNEXTNFLCOACH-BUF27-MMCD,2026-01-24T13:49:41.373896Z,57.00,0.0200,0.9800,no
702c2208-dd41-51a0-b494-8462663df94c,KXNEXTNFLCOACH-BUF27-MMCD,2026-01-24T13:49:41.373896Z,562.00,0.0100,0.9900,no
4fa1b8d0-2cf9-5d1c-7609-ab8c2e4d65b0,KXNEXTNFLCOACH-BUF27-MMCD,2026-01-24T13:41:52.390835Z,634.00,0.0100,0.9900,no
029f8037-b91d-745a-3b6b-7d9886809a38,KXNEXTNFLCOACH-BUF27-MMCD,2026-01-24T13:41:32.158268Z,100.00,0.0200,0.9800,no
766529c2-d494-7fb5-61da-86d977225269,KXNEXTNFLCOACH-BUF27-MMCD,2026-01-24T13:40:42.134899Z,100.00,0.0400,0.9600,yes
ed5ce6ed-3a43-54d3-0084-7d2dc29dc6b0,KXNEXTNFLCOACH-BUF27-MMCD,2026-01-24T13:39:51.450483Z,100.00,0.0400,0.9600,yes
22b95def-e812-5f35-0b28-a90119b086e4,KXNEXTNFLCOACH-BUF27-MMCD,2026-01-24T13:39:51.450483Z,13.00,0.0500,0.9500,yes
b45e028b-387f-5326-89fb-2bbf266076b7,KXNEXTNFLCOACH-BUF27-MMCD,2026-01-24T13:36:06.320083Z,64.00,0.0200,0.9800,no
81d7acf4-8619-50c8-a3e0-08740ce66a90,KXNEXTNFLCOACH-BUF27-MMCD,2026-01-24T13:36:06.320083Z,1313.00,0.0100,0.9900,no
0d45e76f-5a01-7ce6-9af2-66aeb6ef0d42,KXNEXTNFLCOACH-BUF27-MMCD,2026-01-24T13:34:13.690916Z,75.00,0.0200,0.9800,no
796ffa72-c8dd-542d-352a-02f82b59e233,KXNEXTNFLCOACH-BUF27-MMCD,2026-01-24T13:33:42.691866Z,2.00,0.0200,0.9800,no
606c1b17-cc46-57de-252e-4aa589855cc0,KXNEXTNFLCOACH-BUF27-MMCD,2026-01-24T13:33:42.691866Z,100.00,0.0300,0.9700,no
14741cd1-8aa9-55b0-2c85-866aade0007c,KXNEXTNFLCOACH-BUF27-MMCD,2026-01-24T13:33:42.691866Z,717.00,0.0100,0.9900,no
d2478527-bf61-73c5-ecd3-fca051d6d7ef,KXNEXTNFLCOACH-BUF27-MMCD,2026-01-24T13:32:29.712469Z,653.00,0.0200,0.9800,no
43731bda-6055-7778-d004-c58a114fc568,KXNEXTNFLCOACH-BUF27-MMCD,2026-01-24T13:32:29.712469Z,100.00,0.0300,0.9700,no
87bd5f89-6705-6098-e767-ed890a601efe,KXNEXTNFLCOACH-BUF27-MMCD,2026-01-24T13:32:20.65828Z,158.00,0.0500,0.9500,no
4db08113-70d9-62a1-d431-83ca4a787dc7,KXNEXTNFLCOACH-BUF27-MMCD,2026-01-24T13:32:20.65828Z,845.00,0.0200,0.9800,no
f275d946-a8db-5c78-614c-0969bbdb1045,KXNEXTNFLCOACH-BUF27-MMCD,2026-01-24T13:32:13.800859Z,71.00,0.0800,0.9200,no
dc7242de-42f9-5b70-4000-922ae450bfca,KXNEXTNFLCOACH-BUF27-MMCD,2026-01-24T13:32:13.800859Z,342.00,0.0500,0.9500,no
b6e5541a-7286-591c-7546-e2372cda5605,KXNEXTNFLCOACH-BUF27-MMCD,2026-01-24T13:32:13.800859Z,200.00,0.0600,0.9400,no
29008eb6-8eaf-562b-55eb-e721efc61da0,KXNEXTNFLCOACH-BUF27-MMCD,2026-01-24T13:32:13.800859Z,448.00,0.0700,0.9300,no
c9016810-899d-768e-ff74-1264fe14f777,KXNEXTNFLCOACH-BUF27-MMCD,2026-01-24T13:05:31.072679Z,28.00,0.1000,0.9000,yes
4e78dbe6-9d11-741a-0d6e-fa95ccef923f,KXNEXTNFLCOACH-BUF27-MMCD,2026-01-24T12:43:54.430596Z,56.00,0.1000,0.9000,yes
809ad484-1820-6897-3516-7489df993dec,KXNEXTNFLCOACH-BUF27-MMCD,2026-01-24T12:14:16.250937Z,64.00,0.0900,0.9100,no
55205111-3100-6e8d-1706-41da8c2fdb76,KXNEXTNFLCOACH-BUF27-MMCD,2026-01-24T12:14:16.250937Z,116.00,0.0800,0.9200,no
f307252f-fa9c-43a8-a47b-d8ae5b065b55,KXNEXTNFLCOACH-BUF27-MMCD,2026-01-24T11:51:42.019311Z,32.00,0.1000,0.9000,yes
9de4a6ad-7410-4ac4-af94-4e3ae5f6f0bb,KXNEXTNFLCOACH-BUF27-MMCD,2026-01-24T11:51:42.019311Z,3.00,0.1000,0.9000,yes
e71b83b3-5b67-72c3-6a21-434261712a13,KXNEXTNFLCOACH-BUF27-MMCD,2026-01-24T11:25:20.418641Z,13.00,0.0800,0.9200,no
a1c84710-5b40-4eb1-7dee-27fa0f60a602,KXNEXTNFLCOACH-BUF27-MMCD,2026-01-24T09:30:25.287523Z,6.00,0.1100,0.8900,yes
5bd8108a-a98b-7950-1bd6-13f2e77672e8,KXNEXTNFLCOACH-BUF27-MMCD,2026-01-24T09:22:18.882499Z,42.00,0.1100,0.8900,yes
b55a37cb-cce1-5677-274c-19ee8b446b31,KXNEXTNFLCOACH-BUF27-MMCD,2026-01-24T08:51:46.894586Z,52.00,0.1300,0.8700,yes
53f2615a-b57f-50d8-3a14-9272de9bd363,KXNEXTNFLCOACH-BUF27-MMCD,2026-01-24T08:51:46.894586Z,100.00,0.1200,0.8800,yes
59d58ec1-70ef-4e18-5146-40c209e33ad7,KXNEXTNFLCOACH-BUF27-MMCD,2026-01-24T08:50:17.777721Z,17.00,0.0900,0.9100,no
95feabfb-8ab3-4d28-835d-60a0bfa2d55f,KXNEXTNFLCOACH-BUF27-MMCD,2026-01-24T08:48:16.479316Z,10.00,0.0900,0.9100,no
dc9e4f77-c1ce-7e8a-b165-f5978b7f4b38,KXNEXTNFLCOACH-BUF27-MMCD,2026-01-24T08:29:57.60501Z,100.00,0.1100,0.8900,no
9d307a16-8aa8-56cc-b90c-b57bdb556dee,KXNEXTNFLCOACH-BUF27-MMCD,2026-01-24T08:24:45.95915Z,78.00,0.1200,0.8800,yes
3eb635a0-efe6-6e2d-9e70-d666ec1dd975,KXNEXTNFLCOACH-BUF27-MMCD,2026-01-24T08:24:17.141062Z,72.00,0.0800,0.9200,no
d869e51a-a882-6c59-4f72-d8662d4c2aa3,KXNEXTNFLCOACH-BUF27-MMCD,2026-01-24T08:23:55.412878Z,100.00,0.0800,0.9200,no
fed69262-9c98-40f0-756b-3dea19eb35ca,KXNEXTNFLCOACH-BUF27-MMCD,2026-01-24T08:23:36.784076Z,119.00,0.0800,0.9200,no
dafb95f3-9c97-4e81-50fd-063e032679db,KXNEXTNFLCOACH-BUF27-MMCD,2026-01-24T08:23:36.784076Z,81.00,0.0800,0.9200,no
fcc46c73-8996-4768-d031-7a35d7c88887,KXNEXTNFLCOACH-BUF27-MMCD,2026-01-24T08:23:08.606347Z,100.00,0.1000,0.9000,no
94d73604-2a9a-4f7e-c239-785fab8f90dc,KXNEXTNFLCOACH-BUF27-MMCD,2026-01-24T08:23:08.606347Z,689.00,0.0900,0.9100,no
78a70ad9-0ba0-4a40-e96c-d4d92e7a5b32,KXNEXTNFLCOACH-BUF27-MMCD,2026-01-24T08:23:08.606347Z,211.00,0.0800,0.9200,no
29f9bd56-ebc8-4c11-cdf2-4a424c387891,KXNEXTNFLCOACH-BUF27-MMCD,2026-01-24T07:00:51.69457Z,7.00,0.1200,0.8800,yes
c11f49b0-025b-4df9-29ef-d5022a055d2a,KXNEXTNFLCOACH-BUF27-MMCD,2026-01-24T06:37:32.157081Z,45.00,0.1200,0.8800,yes
c8f70b02-a317-64cc-5442-12e9dafce583,KXNEXTNFLCOACH-BUF27-MMCD,2026-01-24T06:13:47.005725Z,16.00,0.1100,0.8900,yes
58283e94-6739-684a-6849-b28b41e7873d,KXNEXTNFLCOACH-BUF27-MMCD,2026-01-24T06:13:47.005725Z,19.00,0.1200,0.8800,yes
dd9cc98b-9fe4-5893-db82-88316c8d63e3,KXNEXTNFLCOACH-BUF27-MMCD,2026-01-24T06:04:33.687787Z,16.00,0.1000,0.9000,no
983c1f82-1625-5413-72c9-010bebb5fb36,KXNEXTNFLCOACH-BUF27-MMCD,2026-01-24T06:04:05.992402Z,39.00,0.1000,0.9000,no
a80c5069-d338-7dda-9b93-b79cba3b1633,KXNEXTNFLCOACH-BUF27-MMCD,2026-01-24T05:57:45.997149Z,94.00,0.1200,0.8800,yes
a594a798-16f3-64f6-8081-89938c231003,KXNEXTNFLCOACH-BUF27-MMCD,2026-01-24T05:51:40.59435Z,30.00,0.1200,0.8800,yes
89e6efaf-f455-677b-8e4e-21496ba4fdf5,KXNEXTNFLCOACH-BUF27-MMCD,2026-01-24T05:51:40.59435Z,44.00,0.1300,0.8700,yes
663113ef-24f7-4b9a-ef0a-bfd3ea4013a7,KXNEXTNFLCOACH-BUF27-MMCD,2026-01-24T05:40:52.1856Z,5.00,0.1200,0.8800,yes
052099da-633c-4b54-c244-fc916b04e906,KXNEXTNFLCOACH-BUF27-MMCD,2026-01-24T05:40:52.1856Z,79.00,0.1100,0.8900,yes
c6e552be-0740-6889-40c9-c0357c246043,KXNEXTNFLCOACH-BUF27-MMCD,2026-01-24T05:31:18.116519Z,22.00,0.1000,0.9000,no
21d7ed46-4fb8-454d-5b62-67e4373138bf,KXNEXTNFLCOACH-BUF27-MMCD,2026-01-24T05:31:02.850556Z,10.00,0.1000,0.9000,no
452d7250-3dc3-6d3e-c822-3efc49550aab,KXNEXTNFLCOACH-BUF27-MMCD,2026-01-24T05:19:02.665019Z,15.00,0.1200,0.8800,yes
cfff707a-af2b-6bfe-5533-84e6f342518b,KXNEXTNFLCOACH-BUF27-MMCD,2026-01-24T05:18:37.768126Z,72.00,0.1200,0.8800,yes
cc1985c3-44ce-628c-7961-2ad677a9b90b,KXNEXTNFLCOACH-BUF27-MMCD,2026-01-24T05:18:37.768126Z,7.00,0.1100,0.8900,yes
a13d1f49-a92b-6c5a-2d04-1b77f54faccb,KXNEXTNFLCOACH-BUF27-MMCD,2026-01-24T05:16:07.799231Z,100.00,0.1200,0.8800,yes
e5845697-e052-4f2a-80cc-b23e6c09226e,KXNEXTNFLCOACH-BUF27-MMCD,2026-01-24T05:10:16.602187Z,11.00,0.1100,0.8900,yes
ca1597bf-ebdb-46e2-9eb4-f7203426e20f,KXNEXTNFLCOACH-BUF27-MMCD,2026-01-24T05:10:16.602187Z,5.00,0.1200,0.8800,yes
98f43fad-9b3e-58ca-30e0-5d9780e0e510,KXNEXTNFLCOACH-BUF27-MMCD,2026-01-24T05:01:59.101305Z,11.00,0.0900,0.9100,no
b106565e-5652-454d-f879-015f36e5f5ef,KXNEXTNFLCOACH-BUF27-MMCD,2026-01-24T04:52:15.98783Z,18.00,0.1100,0.8900,yes
c31bf489-8dfb-5a12-69c1-6a537a8b77ef,KXNEXTNFLCOACH-BUF27-MMCD,2026-01-24T04:45:53.385059Z,7.00,0.1200,0.8800,yes
1c06b78f-3bf3-5ab6-5262-5cdac379864b,KXNEXTNFLCOACH-BUF27-MMCD,2026-01-24T04:40:40.123468Z,39.00,0.1200,0.8800,yes
9dfa5a3f-af9b-5406-3000-c28eb044b9af,KXNEXTNFLCOACH-BUF27-MMCD,2026-01-24T04:38:25.16388Z,78.00,0.1200,0.8800,yes
bb5b193c-d12a-7d4f-6dce-9ed88498325d,KXNEXTNFLCOACH-BUF27-MMCD,2026-01-24T04:36:21.559159Z,9.00,0.1100,0.8900,yes
91fdaafd-b413-7372-551e-ffc436ec4aa7,KXNEXTNFLCOACH-BUF27-MMCD,2026-01-24T04:36:21.559159Z,30.00,0.1200,0.8800,yes
d073fca9-2157-523d-d615-412ee85bbae6,KXNEXTNFLCOACH-BUF27-MMCD,2026-01-24T04:17:59.172631Z,1.00,0.1100,0.8900,yes
b62ef439-fb07-5572-f945-a9159e254dcf,KXNEXTNFLCOACH-BUF27-MMCD,2026-01-24T04:17:59.172631Z,24.00,0.1200,0.8800,yes
94747470-645b-4a8b-a573-cf73a8034c3d,KXNEXTNFLCOACH-BUF27-MMCD,2026-01-24T04:10:28.778866Z,8.00,0.1100,0.8900,yes
3f6b3b04-6a7f-4b25-bb75-66449994be9c,KXNEXTNFLCOACH-BUF27-MMCD,2026-01-24T04:10:28.778866Z,5.00,0.1100,0.8900,yes
befaf314-54a5-7629-4c22-cc4705b98cbf,KXNEXTNFLCOACH-BUF27-MMCD,2026-01-24T04:07:12.295136Z,1.00,0.1100,0.8900,yes
88dbcadf-c42f-7082-4119-be0e4e0f94a6,KXNEXTNFLCOACH-BUF27-MMCD,2026-01-24T04:07:12.295136Z,1.00,0.1100,0.8900,yes
6f13ef0b-a5f7-77e9-48e1-80d7db3fd2ea,KXNEXTNFLCOACH-BUF27-MMCD,2026-01-24T04:07:12.295136Z,2.00,0.1100,0.8900,yes
b1eb3438-63b1-554c-13f5-9725beb2e55c,KXNEXTNFLCOACH-BUF27-MMCD,2026-01-24T03:34:58.859804Z,4.00,0.1100,0.8900,yes
4c99d04d-e3af-5922-1519-679bc524e4c3,KXNEXTNFLCOACH-BUF27-MMCD,2026-01-24T03:34:58.859804Z,718.00,0.1200,0.8800,yes
377df2fd-5e24-5ad1-1bdf-97cf7b216b6d,KXNEXTNFLCOACH-BUF27-MMCD,2026-01-24T03:34:58.859804Z,9.00,0.1100,0.8900,yes
1f31a7e2-7d65-72a8-0afd-a5b7fb332e58,KXNEXTNFLCOACH-BUF27-MMCD,2026-01-24T03:30:46.621611Z,8.00,0.1100,0.8900,yes
b7df5ffb-5232-4341-472c-a30a21282648,KXNEXTNFLCOACH-BUF27-MMCD,2026-01-24T03:29:06.295365Z,33.00,0.1100,0.8900,yes
4b1c6da7-de47-426e-7beb-ca0b64e56b37,KXNEXTNFLCOACH-BUF27-MMCD,2026-01-24T03:29:06.295365Z,67.00,0.1200,0.8800,yes
8acca7c9-5cb1-4f34-c9ed-3aba5f1d3c11,KXNEXTNFLCOACH-BUF27-MMCD,2026-01-24T02:45:06.516151Z,4.00,0.1000,0.9000,no
7a7be3ac-37aa-4195-e33c-366e9722540b,KXNEXTNFLCOACH-BUF27-MMCD,2026-01-24T02:45:06.516151Z,6.00,0.1000,0.9000,no
59c17a95-ffc2-74e1-1ebd-3e8809804e5e,KXNEXTNFLCOACH-BUF27-MMCD,2026-01-24T02:42:15.652286Z,3.00,0.1100,0.8900,yes
4a0e5124-7413-7642-2b5d-4fd6d8cd6d3f,KXNEXTNFLCOACH-BUF27-MMCD,2026-01-24T02:42:15.652286Z,154.00,0.1200,0.8800,yes
8d0f5771-c45f-5c0a-852b-c6641d1490c7,KXNEXTNFLCOACH-BUF27-MMCD,2026-01-24T02:38:01.59861Z,769.00,0.1200,0.8800,yes
eac712a3-ab8b-4f3e-1973-417abed7fcc7,KXNEXTNFLCOACH-BUF27-MMCD,2026-01-24T02:37:34.130153Z,156.00,0.1200,0.8800,yes
b4270a6e-7d9f-5f7e-054e-b3f200813adb,KXNEXTNFLCOACH-BUF27-MMCD,2026-01-24T02:30:00.081711Z,78.00,0.1200,0.8800,yes
e3121f3b-01d3-5b86-7ff7-2e8117e62db3,KXNEXTNFLCOACH-BUF27-MMCD,2026-01-24T02:25:07.091216Z,76.00,0.1200,0.8800,yes
0c54d6cc-6007-5956-4729-1fd59f674de0,KXNEXTNFLCOACH-BUF27-MMCD,2026-01-24T02:25:07.091216Z,3.00,0.1100,0.8900,yes
9db5f9e3-9d27-4f4d-c796-dd8efef31cdb,KXNEXTNFLCOACH-BUF27-MMCD,2026-01-24T02:23:04.298661Z,12.00,0.1100,0.8900,yes
66fd4d43-3d2f-43fe-c86a-53e7744d5abb,KXNEXTNFLCOACH-BUF27-MMCD,2026-01-24T02:23:04.298661Z,185.00,0.1200,0.8800,yes
b9ffdada-4f4e-6793-78b5-01ec6fab810f,KXNEXTNFLCOACH-BUF27-MMCD,2026-01-24T02:19:52.688949Z,9.00,0.0900,0.9100,no
ef470a97-edc8-416b-c6fd-6b3523fe0791,KXNEXTNFLCOACH-BUF27-MMCD,2026-01-24T02:03:49.110436Z,4.00,0.1100,0.8900,yes
c37c081d-17f3-407b-d1ec-f7a183e3a50d,KXNEXTNFLCOACH-BUF27-MMCD,2026-01-24T02:03:49.110436Z,5.00,0.1100,0.8900,yes
3145b48a-4837-457e-cea5-873a3c2e7557,KXNEXTNFLCOACH-BUF27-MMCD,2026-01-24T02:03:49.110436Z,13.00,0.1200,0.8800,yes
0b6c7a7b-bf08-4a51-cf92-f4a45359833b,KXNEXTNFLCOACH-BUF27-MMCD,2026-01-24T02:03:49.110436Z,2.00,0.1100,0.8900,yes
e73ad010-d200-51c6-df62-133f652360f1,KXNEXTNFLCOACH-BUF27-MMCD,2026-01-24T01:43:25.017186Z,14.00,0.1100,0.8900,yes
1a2a436a-1543-54a6-e525-4598ac055d8f,KXNEXTNFLCOACH-BUF27-MMCD,2026-01-24T01:43:25.017186Z,379.00,0.1200,0.8800,yes
334be1d4-70e1-6fcb-c927-7cccd4668b7d,KXNEXTNFLCOACH-BUF27-MMCD,2026-01-24T01:34:57.744252Z,41.00,0.1300,0.8700,yes
24d1222e-a195-61f7-c76c-c00a234ad9b9,KXNEXTNFLCOACH-BUF27-MMCD,2026-01-24T01:34:57.744252Z,33.00,0.1200,0.8800,yes
d8b3932c-d783-7eec-9a89-1d518bbf6fc5,KXNEXTNFLCOACH-BUF27-MMCD,2026-01-24T01:12:08.176539Z,25.00,0.1100,0.8900,no
62241ddf-494d-795d-b196-af1276e17e33,KXNEXTNFLCOACH-BUF27-MMCD,2026-01-24T01:12:08.176539Z,14.00,0.1000,0.9000,no
605ee3c2-cbf8-7074-9686-ed7df15a1786,KXNEXTNFLCOACH-BUF27-MMCD,2026-01-24T01:12:08.176539Z,70.00,0.0800,0.9200,no
0f9fc557-7d91-6033-fc77-9cef172c77d1,KXNEXTNFLCOACH-BUF27-MMCD,2026-01-24T01:07:05.360993Z,14.00,0.1300,0.8700,yes
c1da238a-3d23-7cdc-db63-a9ae793dfb69,KXNEXTNFLCOACH-BUF27-MMCD,2026-01-24T01:01:28.591214Z,5.00,0.1100,0.8900,no
53d0f563-4c2b-41d4-3102-317f03c6ba9d,KXNEXTNFLCOACH-BUF27-MMCD,2026-01-24T00:58:50.963273Z,50.00,0.1100,0.8900,no
8d45313c-f2a3-6422-a277-45b6166c9cdc,KXNEXTNFLCOACH-BUF27-MMCD,2026-01-24T00:58:39.663578Z,33.00,0.1200,0.8800,yes
637672eb-d435-6c37-af81-fe057f6d7309,KXNEXTNFLCOACH-BUF27-MMCD,2026-01-24T00:58:39.663578Z,17.00,0.1300,0.8700,yes
bc3a690a-d81f-4e18-bc6f-85b3309a6ac9,KXNEXTNFLCOACH-BUF27-MMCD,2026-01-24T00:47:31.8788Z,23.00,0.1100,0.8900,no
c5e517f7-9d4d-660f-b363-87158d375009,KXNEXTNFLCOACH-BUF27-MMCD,2026-01-24T00:42:36.105464Z,41.00,0.1300,0.8700,yes
81fb3bd8-349b-60c0-a600-8fe45d7a3506,KXNEXTNFLCOACH-BUF27-MMCD,2026-01-24T00:42:36.105464Z,33.00,0.1200,0.8800,yes
1da994b0-7ccb-4be0-cf90-928352e260d1,KXNEXTNFLCOACH-BUF27-MMCD,2026-01-24T00:40:04.802162Z,1.00,0.1100,0.8900,no
872a8fa3-c253-6570-440d-be4604e98285,KXNEXTNFLCOACH-BUF27-MMCD,2026-01-24T00:37:35.036968Z,75.00,0.1100,0.8900,no
c48be645-bb2d-61f4-e42e-818fb6bf9fd9,KXNEXTNFLCOACH-BUF27-MMCD,2026-01-24T00:23:35.346745Z,1.00,0.1200,0.8800,yes
aecbfdbe-ca71-6857-8d4a-86901d2c0af9,KXNEXTNFLCOACH-BUF27-MMCD,2026-01-24T00:19:47.189178Z,147.00,0.1300,0.8700,yes
81033744-21be-6836-a6e3-9e02a455ab34,KXNEXTNFLCOACH-BUF27-MMCD,2026-01-24T00:19:47.189178Z,33.00,0.1200,0.8800,yes
7b7d8c5a-ad9c-485e-7a12-ed431299b218,KXNEXTNFLCOACH-BUF27-MMCD,2026-01-24T00:12:14.967721Z,72.00,0.1200,0.8800,yes
4be88038-d015-401b-6a7f-fa05931fb325,KXNEXTNFLCOACH-BUF27-MMCD,2026-01-24T00:12:14.967721Z,114.00,0.1300,0.8700,yes
0e03d599-8094-5a8e-8943-fd206d7f55ec,KXNEXTNFLCOACH-BUF27-MMCD,2026-01-24T00:02:51.978326Z,39.00,0.1200,0.8800,yes
1f6d7f06-ea54-6e2a-0a6c-873c30e630cc,KXNEXTNFLCOACH-BUF27-MMCD,2026-01-23T23:58:24.034062Z,39.00,0.1200,0.8800,yes
b0074b2a-ce3d-72de-0c52-e264c360dc1e,KXNEXTNFLCOACH-BUF27-MMCD,2026-01-23T23:36:52.465767Z,10.00,0.1200,0.8800,yes
83bcea55-4160-76c8-0bb6-934491ca0921,KXNEXTNFLCOACH-BUF27-MMCD,2026-01-23T23:36:52.465767Z,90.00,0.1200,0.8800,yes
4fc2a90a-a5dd-7d93-3b2f-b88a9e84bf29,KXNEXTNFLCOACH-BUF27-MMCD,2026-01-23T23:36:52.465767Z,16.00,0.1300,0.8700,yes
3b7984e1-f697-6e47-196e-f2cf405cbde5,KXNEXTNFLCOACH-BUF27-MMCD,2026-01-23T23:34:34.077044Z,20.00,0.1200,0.8800,yes
4d72688e-5823-610c-cb82-1f0fbf7bdc8d,KXNEXTNFLCOACH-BUF27-MMCD,2026-01-23T23:33:24.455569Z,11.00,0.1100,0.8900,no
fb68a028-5433-44a3-eb23-91fc9e526403,KXNEXTNFLCOACH-BUF27-MMCD,2026-01-23T23:24:09.822071Z,70.00,0.1200,0.8800,yes
23c6dafd-75cb-419c-d236-01dd3f8d9ee1,KXNEXTNFLCOACH-BUF27-MMCD,2026-01-23T23:18:26.689617Z,30.00,0.1100,0.8900,no
666d4c64-6aae-78c0-be8e-b6f65b3244fe,KXNEXTNFLCOACH-BUF27-MMCD,2026-01-23T23:17:15.420609Z,39.00,0.1200,0.8800,yes
1bf30a57-5267-6538-fb24-533a06dc959d,KXNEXTNFLCOACH-BUF27-MMCD,2026-01-23T23:15:27.976926Z,21.00,0.1100,0.8900,no
07ee8b93-41c7-5778-ea33-73211d8a99b1,KXNEXTNFLCOACH-BUF27-MMCD,2026-01-23T23:15:26.630727Z,9.00,0.1100,0.8900,no
133451f1-8ecb-4478-355e-b23e8b820051,KXNEXTNFLCOACH-BUF27-MMCD,2026-01-23T23:10:19.397752Z,26.00,0.1100,0.8900,no
f7febd53-09d3-4ea4-0339-8e81a46afefd,KXNEXTNFLCOACH-BUF27-MMCD,2026-01-23T23:10:18.160705Z,4.00,0.1100,0.8900,no
11b5694c-c3c7-5b30-6904-7419975994f1,KXNEXTNFLCOACH-BUF27-MMCD,2026-01-23T23:06:45.932494Z,100.00,0.1200,0.8800,no
869657b1-9c2b-7dfd-d433-56138a4c39c0,KXNEXTNFLCOACH-BUF27-MMCD,2026-01-23T23:02:30.922208Z,170.00,0.1100,0.8900,yes
d1ad1665-f86b-53f5-06cd-d7f4f999c4dc,KXNEXTNFLCOACH-BUF27-MMCD,2026-01-23T22:59:42.0706Z,3.00,0.1100,0.8900,yes
7b9e8d2d-6947-7f37-6f55-bef1cbc022f4,KXNEXTNFLCOACH-BUF27-MMCD,2026-01-23T22:58:56.142537Z,17.00,0.0700,0.9300,no
1f8e9998-a6c4-725b-7eb4-b9cb60c45717,KXNEXTNFLCOACH-BUF27-MMCD,2026-01-23T22:58:56.142537Z,100.00,0.0800,0.9200,no
faf8ec63-d42b-4e89-69f8-988bcc4f35d0,KXNEXTNFLCOACH-BUF27-MMCD,2026-01-23T22:50:13.979838Z,85.00,0.1100,0.8900,yes
160a1fbf-8653-775d-e989-a114dcdecb74,KXNEXTNFLCOACH-BUF27-MMCD,2026-01-23T22:43:15.96079Z,42.00,0.1100,0.8900,yes
fb68f100-3ecd-5fb3-0ce1-b28aca20d9dc,KXNEXTNFLCOACH-BUF27-MMCD,2026-01-23T22:24:13.263729Z,144.00,0.1100,0.8900,yes
dae7b425-60ae-542f-1b65-38bc253e4d05,KXNEXTNFLCOACH-BUF27-MMCD,2026-01-23T22:24:13.263729Z,359.00,0.1000,0.9000,yes
d1c62d39-9bc9-5458-1a1e-9176d5c7c4fd,KXNEXTNFLCOACH-BUF27-MMCD,2026-01-23T22:24:13.263729Z,385.00,0.1100,0.8900,yes
7658e63e-3c56-631f-addd-8b94a32408a1,KXNEXTNFLCOACH-BUF27-MMCD,2026-01-23T22:18:37.9285Z,47.00,0.1000,0.9000,yes
c1eadb09-f03a-62af-2fd3-f420061318ad,KXNEXTNFLCOACH-BUF27-MMCD,2026-01-23T22:17:39.89031Z,94.00,0.1000,0.9000,yes
971e1671-ece5-672c-401c-125c3684dd11,KXNEXTNFLCOACH-BUF27-MMCD,2026-01-23T22:07:56.456885Z,128.00,0.1100,0.8900,yes
1c9584df-f1b1-6af4-091e-e6121b3cb119,KXNEXTNFLCOACH-BUF27-MMCD,2026-01-23T22:07:02.05027Z,42.00,0.1100,0.8900,yes
4e141311-9d28-5b3e-d5a6-7d144a967bd1,KXNEXTNFLCOACH-BUF27-MMCD,2026-01-23T21:48:36.169127Z,30.00,0.1200,0.8800,yes
09f01897-7b61-5427-e2af-297c5c617649,KXNEXTNFLCOACH-BUF27-MMCD,2026-01-23T21:48:36.169127Z,117.00,0.1300,0.8700,yes
bab3d0cb-3d5f-76f7-240e-5bfebcc10873,KXNEXTNFLCOACH-BUF27-MMCD,2026-01-23T21:42:17.6387Z,83.00,0.1000,0.9000,yes
983b8539-b74a-7899-29ef-6a7250a3e043,KXNEXTNFLCOACH-BUF27-MMCD,2026-01-23T21:42:17.6387Z,200.00,0.1200,0.8800,yes
5af7209d-d216-7300-33a2-29bcfed9b43f,KXNEXTNFLCOACH-BUF27-MMCD,2026-01-23T21:42:17.6387Z,250.00,0.1200,0.8800,yes
405db1ca-6606-7828-2a8d-dc25e565eda9,KXNEXTNFLCOACH-BUF27-MMCD,2026-01-23T21:42:17.6387Z,117.00,0.1100,0.8900,yes
2b979f1d-eaf6-7cb3-1cae-3abfcb71a1a2,KXNEXTNFLCOACH-BUF27-MMCD,2026-01-23T21:42:17.6387Z,150.00,0.1100,0.8900,yes
2799d1d9-d32b-7aa6-23df-65621049f527,KXNEXTNFLCOACH-BUF27-MMCD,2026-01-23T21:42:17.6387Z,2.00,0.1000,0.9000,yes
25f3bbf5-b872-7efd-085b-dee433ffa0ff,KXNEXTNFLCOACH-BUF27-MMCD,2026-01-23T21:42:17.6387Z,1.00,0.1000,0.9000,yes
05c6c6f6-82d9-7fff-007d-3d85b06737f9,KXNEXTNFLCOACH-BUF27-MMCD,2026-01-23T21:42:17.6387Z,16.00,0.1300,0.8700,yes
1fda4a69-86aa-6473-7bc5-5e66bf633af2,KXNEXTNFLCOACH-BUF27-MMCD,2026-01-23T21:29:10.240114Z,94.00,0.1000,0.9000,yes
f4649d7f-be35-6c78-6aa4-64158fb7c01a,KXNEXTNFLCOACH-BUF27-MMCD,2026-01-23T21:22:13.5757Z,12.00,0.0800,0.9200,no
a8d52595-fe52-6d6e-4e5a-22b21877f470,KXNEXTNFLCOACH-BUF27-MMCD,2026-01-23T21:22:13.5757Z,1.00,0.0800,0.9200,no
d2438f69-33b1-7f92-6ca1-5ee3ef3bfa90,KXNEXTNFLCOACH-BUF27-MMCD,2026-01-23T21:21:28.5415Z,43.00,0.0900,0.9100,yes
be3edd8d-a027-73d2-581f-6d149721b14b,KXNEXTNFLCOACH-BUF27-MMCD,2026-01-23T21:21:28.5415Z,45.00,0.1000,0.9000,yes
8b4a3855-3d06-738c-580a-2c2d831ca055,KXNEXTNFLCOACH-BUF27-MMCD,2026-01-23T21:21:28.5415Z,94.00,0.1100,0.8900,yes
e6244599-1523-4446-0a75-48bb34b0bc7b,KXNEXTNFLCOACH-BUF27-MMCD,2026-01-23T21:18:01.605598Z,1.00,0.1000,0.9000,yes
4696a01d-739f-7fba-d48d-083141c7dfe7,KXNEXTNFLCOACH-BUF27-MMCD,2026-01-23T21:10:18.087681Z,21.00,0.1000,0.9000,yes
4091ec92-6063-7501-c432-c1199db34540,KXNEXTNFLCOACH-BUF27-MMCD,2026-01-23T21:10:18.087681Z,28.00,0.0900,0.9100,yes
5f3d285b-a738-4fe6-e5cf-fc9d87ac60e3,KXNEXTNFLCOACH-BUF27-MMCD,2026-01-23T21:07:54.610477Z,100.00,0.0900,0.9100,yes
0090b985-29ef-4212-f149-f8d7cdc0f2b3,KXNEXTNFLCOACH-BUF27-MMCD,2026-01-23T20:51:48.820295Z,47.00,0.1000,0.9000,yes
25a9a451-3bbf-42ee-389a-84cc9c1885cf,KXNEXTNFLCOACH-BUF27-MMCD,2026-01-23T20:50:31.395835Z,235.00,0.1000,0.9000,yes
c5c9e98c-d0bb-4026-5d44-450e9650ca9b,KXNEXTNFLCOACH-BUF27-MMCD,2026-01-23T20:48:51.830465Z,28.00,0.1000,0.9000,yes
e3b071e6-977b-7d72-4431-57fcc8fe4b4b,KXNEXTNFLCOACH-BUF27-MMCD,2026-01-23T20:45:46.658289Z,39.00,0.1000,0.9000,yes
2284bd9f-fe2d-7af9-57bd-903becb15cf5,KXNEXTNFLCOACH-BUF27-MMCD,2026-01-23T20:45:46.658289Z,8.00,0.0900,0.9100,yes
0ef79c41-ecaf-77ae-d5fb-b479fdd3bdb7,KXNEXTNFLCOACH-BUF27-MMCD,2026-01-23T20:41:43.696328Z,100.00,0.1000,0.9000,yes
307912af-0b81-4a60-6489-dcd83ec21784,KXNEXTNFLCOACH-BUF27-MMCD,2026-01-23T20:40:20.388049Z,5.00,0.0900,0.9100,yes
1dafc99a-cddf-4b9e-48cc-dbd012d6dc17,KXNEXTNFLCOACH-BUF27-MMCD,2026-01-23T20:40:20.388049Z,4.00,0.1000,0.9000,yes
f392c6ee-efd6-5e8e-8141-3cf42b925052,KXNEXTNFLCOACH-BUF27-MMCD,2026-01-23T20:39:23.980852Z,200.00,0.0900,0.9100,yes
e80780d0-8e4d-5a80-85dc-8bf21b502e2b,KXNEXTNFLCOACH-BUF27-MMCD,2026-01-23T20:39:23.980852Z,1.00,0.0900,0.9100,yes
7cb012dc-ca12-5e4d-bdac-32161c416175,KXNEXTNFLCOACH-BUF27-MMCD,2026-01-23T20:39:23.980852Z,5.00,0.0900,0.9100,yes
3d5ef600-2e1b-5306-b47e-17dbe67eadbf,KXNEXTNFLCOACH-BUF27-MMCD,2026-01-23T20:39:23.980852Z,34.00,0.1000,0.9000,yes
051413c0-9df4-5efb-a5e5-7c6ee9057b4b,KXNEXTNFLCOACH-BUF27-MMCD,2026-01-23T20:39:23.980852Z,17.00,0.0900,0.9100,yes
fb2d13f3-9403-5f2a-9937-e0260a428513,KXNEXTNFLCOACH-BUF27-MMCD,2026-01-23T20:23:29.939202Z,56.00,0.1000,0.9000,yes
59a7f7eb-3c5b-6aae-68b7-b38df16ee1d7,KXNEXTNFLCOACH-BUF27-MMCD,2026-01-23T20:14:27.612593Z,50.00,0.1000,0.9000,yes
b59460fd-e120-7671-c160-ef49161d87a1,KXNEXTNFLCOACH-BUF27-MMCD,2026-01-23T20:00:02.218428Z,94.00,0.1000,0.9000,yes
29510f86-a2a1-74b7-1697-769ce9cab185,KXNEXTNFLCOACH-BUF27-MMCD,2026-01-23T19:45:55.657722Z,100.00,0.1000,0.9000,yes
1ba1b979-8fa2-7168-370d-6e9f5cde9661,KXNEXTNFLCOACH-BUF27-MMCD,2026-01-23T19:45:55.657722Z,122.00,0.1100,0.8900,yes
8a9c45b4-5bec-40a7-de4e-823abfd65431,KXNEXTNFLCOACH-BUF27-MMCD,2026-01-23T19:39:01.202052Z,75.00,0.1000,0.9000,yes
7e687d7a-2133-437a-6af1-e3d6cae7ddaf,KXNEXTNFLCOACH-BUF27-MMCD,2026-01-23T19:29:50.804353Z,39.00,0.1200,0.8800,yes
9ee07350-049f-4e96-9723-655d5d1ee63f,KXNEXTNFLCOACH-BUF27-MMCD,2026-01-23T19:26:52.329529Z,39.00,0.1200,0.8800,yes
a3ae2a3a-7e27-503b-b3ae-f432a5103de8,KXNEXTNFLCOACH-BUF27-MMCD,2026-01-23T19:23:26.655773Z,11.00,0.0700,0.9300,no
8c16b4d3-91d9-5a53-817b-b317435c62f5,KXNEXTNFLCOACH-BUF27-MMCD,2026-01-23T19:23:26.655773Z,42.00,0.0800,0.9200,no
c86c9864-529b-5266-d914-d7577d0d864b,KXNEXTNFLCOACH-BUF27-MMCD,2026-01-23T19:21:18.849463Z,214.00,0.1200,0.8800,yes
b2a422b7-8268-7065-f128-0a57889c09fc,KXNEXTNFLCOACH-BUF27-MMCD,2026-01-23T19:06:36.037489Z,52.00,0.1200,0.8800,yes
881e7145-213b-7af2-fefd-834056d8bf97,KXNEXTNFLCOACH-BUF27-MMCD,2026-01-23T19:06:36.037489Z,48.00,0.1200,0.8800,yes
6359cc67-a82a-5e21-9afd-81ca6e622a27,KXNEXTNFLCOACH-BUF27-MMCD,2026-01-23T18:52:49.30933Z,18.00,0.0900,0.9100,no
3695e5cd-9934-5ed9-56a3-4f0339d909c8,KXNEXTNFLCOACH-BUF27-MMCD,2026-01-23T18:52:20.492769Z,7.00,0.1200,0.8800,yes
6e3d139c-a7f8-7c21-0d0a-99efe102f720,KXNEXTNFLCOACH-BUF27-MMCD,2026-01-23T18:50:37.423101Z,39.00,0.1200,0.8800,yes
538ecad1-da80-4269-9805-8a2564e6ec50,KXNEXTNFLCOACH-BUF27-MMCD,2026-01-23T18:47:11.220105Z,7.00,0.1200,0.8800,yes
75534984-a718-4da5-f87b-9e44a2ad77b8,KXNEXTNFLCOACH-BUF27-MMCD,2026-01-23T18:34:54.198085Z,78.00,0.1200,0.8800,yes
b3e54349-fad0-70e5-029b-6021b536970c,KXNEXTNFLCOACH-BUF27-MMCD,2026-01-23T18:34:41.947607Z,33.00,0.1200,0.8800,yes
4439919d-eda0-4719-e4a3-0d172ddd31b0,KXNEXTNFLCOACH-BUF27-MMCD,2026-01-23T18:33:02.852092Z,6.00,0.1200,0.8800,yes
e493e2ad-3300-6229-c81b-4dd717689228,KXNEXTNFLCOACH-BUF27-MMCD,2026-01-23T18:32:00.017031Z,71.00,0.1200,0.8800,yes
9e3664bd-0864-67e1-54c4-2671125de770,KXNEXTNFLCOACH-BUF27-MMCD,2026-01-23T18:30:01.077256Z,35.00,0.1200,0.8800,yes
204a9644-ce1c-42d1-adc6-4cb3778e0958,KXNEXTNFLCOACH-BUF27-MMCD,2026-01-23T18:26:59.481975Z,71.00,0.1200,0.8800,yes
b20c3764-f9a0-5845-6e30-efb9b80173e8,KXNEXTNFLCOACH-BUF27-MMCD,2026-01-23T18:24:52.067701Z,39.00,0.1200,0.8800,yes
7ea03174-102d-62d2-a22d-4a269f58395d,KXNEXTNFLCOACH-BUF27-MMCD,2026-01-23T18:20:42.944576Z,10.00,0.0900,0.9100,no
e309cee4-13fc-5a31-d570-1e704ea86cf0,KXNEXTNFLCOACH-BUF27-MMCD,2026-01-23T18:14:30.353746Z,39.00,0.1200,0.8800,yes
0e4ecf1b-5220-7161-ff4d-7cfd65606a20,KXNEXTNFLCOACH-BUF27-MMCD,2026-01-23T18:10:57.589805Z,92.00,0.1200,0.8800,yes
e99ce51a-0a0c-59a9-5738-3e571b39de3c,KXNEXTNFLCOACH-BUF27-MMCD,2026-01-23T18:09:52.34206Z,392.00,0.1200,0.8800,yes
024a2997-d1c0-78d9-9281-c8d452fd0fa0,KXNEXTNFLCOACH-BUF27-MMCD,2026-01-23T18:08:17.466065Z,39.00,0.1200,0.8800,yes
4e49d9f7-5c88-6f3d-1b39-f40af9ab24b3,KXNEXTNFLCOACH-BUF27-MMCD,2026-01-23T18:04:37.346262Z,100.00,0.1100,0.8900,yes
b70e67ab-4e15-5987-4107-7dae2b276e49,KXNEXTNFLCOACH-BUF27-MMCD,2026-01-23T17:55:51.593423Z,45.00,0.1300,0.8700,yes
9e39d7de-49bd-541f-62fa-d6f0eaa318c0,KXNEXTNFLCOACH-BUF27-MMCD,2026-01-23T17:55:51.593423Z,610.00,0.1200,0.8800,yes
467eda4d-4e67-5e85-476d-c84a24142e7a,KXNEXTNFLCOACH-BUF27-MMCD,2026-01-23T17:55:51.593423Z,500.00,0.1300,0.8700,yes
3ffd33b7-a051-5ffb-6f6a-50086823d683,KXNEXTNFLCOACH-BUF27-MMCD,2026-01-23T17:55:51.593423Z,2.00,0.1000,0.9000,yes
1fea719b-3b13-5f12-65d5-ee51f786907c,KXNEXTNFLCOACH-BUF27-MMCD,2026-01-23T17:55:51.593423Z,829.00,0.1100,0.8900,yes
61550016-03a3-5f5a-e0d1-d47434450db4,KXNEXTNFLCOACH-BUF27-MMCD,2026-01-23T17:51:26.322167Z,171.00,0.1100,0.8900,yes
d1c50b55-05de-6c6c-954e-24c3686b0f3c,KXNEXTNFLCOACH-BUF27-MMCD,2026-01-23T17:51:17.358552Z,2.00,0.1100,0.8900,yes
7a23cf72-3981-7c83-dcab-5fd8543afb24,KXNEXTNFLCOACH-BUF27-MMCD,2026-01-23T17:42:43.492973Z,78.00,0.1200,0.8800,yes
ce932ef2-39ca-61c9-c41b-b74a1e6a72da,KXNEXTNFLCOACH-BUF27-MMCD,2026-01-23T17:38:09.523426Z,13.00,0.1100,0.8900,yes
9db4dc72-1509-6113-c61c-54ec349a9ab0,KXNEXTNFLCOACH-BUF27-MMCD,2026-01-23T17:38:09.523426Z,105.00,0.1200,0.8800,yes
272a5f72-1ad5-4ab3-ca49-755f938b0af8,KXNEXTNFLCOACH-BUF27-MMCD,2026-01-23T17:33:29.310731Z,7.00,0.1200,0.8800,yes
ca0edfe7-77b8-4fe0-d937-462725515cb9,KXNEXTNFLCOACH-BUF27-MMCD,2026-01-23T17:31:05.100056Z,74.00,0.1100,0.8900,yes
0402432c-047d-4741-aa9e-0d2cbc36761f,KXNEXTNFLCOACH-BUF27-MMCD,2026-01-23T17:30:48.359729Z,295.00,0.1100,0.8900,no
1c4daa9b-f5f8-51b3-7066-29b4202a76d9,KXNEXTNFLCOACH-BUF27-MMCD,2026-01-23T17:30:40.026927Z,5.00,0.1100,0.8900,yes
d01906d6-f825-7d63-bcb1-08dd50166981,KXNEXTNFLCOACH-BUF27-MMCD,2026-01-23T17:14:06.811829Z,42.00,0.1400,0.8600,yes
beac2940-69af-764b-8626-d7f44f51a1ac,KXNEXTNFLCOACH-BUF27-MMCD,2026-01-23T17:14:06.811829Z,8.00,0.1400,0.8600,yes
de99959e-95c0-47f0-8e75-e7ec1e7b593d,KXNEXTNFLCOACH-BUF27-MMCD,2026-01-23T17:10:43.50996Z,17.00,0.1000,0.9000,no
d6a36c6d-0b97-42cb-8abe-16c0a905d790,KXNEXTNFLCOACH-BUF27-MMCD,2026-01-23T17:10:43.50996Z,24.00,0.0700,0.9300,no
c99b76b5-9d0e-440c-84fc-30f72abc46f1,KXNEXTNFLCOACH-BUF27-MMCD,2026-01-23T17:10:43.50996Z,17.00,0.0800,0.9200,no
0e166816-ea72-4c39-907d-4cbeeef39b11,KXNEXTNFLCOACH-BUF27-MMCD,2026-01-23T17:10:43.50996Z,66.00,0.1000,0.9000,no
08237357-e215-4775-b046-491235a7eb8a,KXNEXTNFLCOACH-BUF27-MMCD,2026-01-23T17:05:25.103584Z,52.00,0.1800,0.8200,yes
57315c02-e51a-5385-a409-5da62dbf6011,KXNEXTNFLCOACH-BUF27-MMCD,2026-01-23T17:04:44.514343Z,6.00,0.1000,0.9000,no
edd7ff97-0038-5399-0440-afa7c12a56f4,KXNEXTNFLCOACH-BUF27-MMCD,2026-01-23T17:03:31.365972Z,12.00,0.1700,0.8300,yes
c7b04b97-7c19-53a5-0dbc-92a4f1cacf0a,KXNEXTNFLCOACH-BUF27-MMCD,2026-01-23T17:03:31.365972Z,40.00,0.1800,0.8200,yes
a7e6f190-2156-5678-218f-19e595a40e89,KXNEXTNFLCOACH-BUF27-MMCD,2026-01-23T17:03:31.365972Z,134.00,0.1800,0.8200,yes
7197dd05-e53e-5c01-0618-f7145e70399b,KXNEXTNFLCOACH-BUF27-MMCD,2026-01-23T17:03:31.365972Z,8.00,0.1600,0.8400,yes
189f06e6-7f72-5d5c-3497-8866c5d1feb6,KXNEXTNFLCOACH-BUF27-MMCD,2026-01-23T17:03:31.365972Z,500.00,0.1800,0.8200,yes
8500e50e-d331-77c8-02b9-718d8434aa7c,KXNEXTNFLCOACH-BUF27-MMCD,2026-01-23T17:01:09.444242Z,9.00,0.1100,0.8900,yes
34b655b7-af0e-46a9-091f-54042a7c0d55,KXNEXTNFLCOACH-BUF27-MMCD,2026-01-23T17:00:53.701252Z,5.00,0.1000,0.9000,no
c0a4678e-073e-7139-c950-810a6cd5987d,KXNEXTNFLCOACH-BUF27-MMCD,2026-01-23T16:59:47.057158Z,483.00,0.1000,0.9000,no
c9f1d64a-afca-7b92-ecbf-abe78b0661b0,KXNEXTNFLCOACH-BUF27-MMCD,2026-01-23T16:56:53.856121Z,17.00,0.1100,0.8900,no
e20f1262-487e-4b02-235a-8743dfc494b2,KXNEXTNFLCOACH-BUF27-MMCD,2026-01-23T16:54:09.011179Z,200.00,0.1000,0.9000,no
c9c6f9c0-ea22-412a-3582-7a2a9950ac7f,KXNEXTNFLCOACH-BUF27-MMCD,2026-01-23T16:54:09.011179Z,30.00,0.1100,0.8900,no
b29e643b-932a-4a81-32d8-e20fb8678109,KXNEXTNFLCOACH-BUF27-MMCD,2026-01-23T16:54:09.011179Z,240.00,0.1000,0.9000,no
4c12a737-ca78-4536-2e7c-3d6b10980a78,KXNEXTNFLCOACH-BUF27-MMCD,2026-01-23T16:54:01.87551Z,300.00,0.1300,0.8700,no
c232108f-ef69-4d37-380c-013c66a5436d,KXNEXTNFLCOACH-BUF27-MMCD,2026-01-23T16:53:54.150527Z,128.00,0.1500,0.8500,no
4f9264e8-be97-4153-2b55-a76ff024ac8f,KXNEXTNFLCOACH-BUF27-MMCD,2026-01-23T16:53:43.840743Z,102.00,0.1700,0.8300,no
59a2a107-eab6-4a2c-b577-45ed13f87359,KXNEXTNFLCOACH-BUF27-MMCD,2026-01-23T16:50:04.635272Z,30.00,0.1800,0.8200,yes
44e00640-7e2e-48ac-604f-46518bb15655,KXNEXTNFLCOACH-BUF27-MMCD,2026-01-23T16:49:44.479391Z,47.00,0.1800,0.8200,yes
4209b6ec-bef7-7237-ce0e-b1975d7fac37,KXNEXTNFLCOACH-BUF27-MMCD,2026-01-23T16:47:12.779491Z,17.00,0.1700,0.8300,no
b9376a8f-e183-5edb-68fd-3af627910e7f,KXNEXTNFLCOACH-BUF27-MMCD,2026-01-23T16:46:48.230551Z,11.00,0.1700,0.8300,no
74fb565c-e41a-5ebc-2f48-6d70fcbd0629,KXNEXTNFLCOACH-BUF27-MMCD,2026-01-23T16:45:44.647108Z,36.00,0.1800,0.8200,yes
259bf655-346a-7090-c552-9c147b1be26d,KXNEXTNFLCOACH-BUF27-MMCD,2026-01-23T16:45:28.617082Z,10.00,0.1800,0.8200,yes
0c9de963-fa22-62f8-c936-ee39cd1e1bdd,KXNEXTNFLCOACH-BUF27-MMCD,2026-01-23T16:43:05.38427Z,50.00,0.1800,0.8200,yes
94cc5e40-4b8e-639c-07bf-bd041c66fb71,KXNEXTNFLCOACH-BUF27-MMCD,2026-01-23T16:42:33.699485Z,2.00,0.1800,0.8200,yes
f8b8a6fa-f0c2-5a94-c41a-f51d42256b85,KXNEXTNFLCOACH-BUF27-MMCD,2026-01-23T16:40:21.972447Z,50.00,0.1800,0.8200,yes
273c0bf8-3cba-7d20-9d9c-ba917c2bc799,KXNEXTNFLCOACH-BUF27-MMCD,2026-01-23T16:37:50.862492Z,131.00,0.1800,0.8200,yes
b83627b3-f03a-4d74-531b-c536042f2f4d,KXNEXTNFLCOACH-BUF27-MMCD,2026-01-23T16:35:27.825345Z,21.00,0.1800,0.8200,yes
f341fc0a-209d-77c9-32c7-6d563bea5379,KXNEXTNFLCOACH-BUF27-MMCD,2026-01-23T16:33:39.903572Z,96.00,0.1700,0.8300,yes
67ed83d0-dc4e-72c4-3a31-039eba1df751,KXNEXTNFLCOACH-BUF27-MMCD,2026-01-23T16:33:39.903572Z,106.00,0.1800,0.8200,yes
67952cd7-18d1-51bd-71b4-1d31a0857f41,KXNEXTNFLCOACH-BUF27-MMCD,2026-01-23T16:33:14.126562Z,35.00,0.1700,0.8300,yes
4a067989-4e9d-44ab-674c-f89ae4df97b9,KXNEXTNFLCOACH-BUF27-MMCD,2026-01-23T16:30:30.639835Z,72.00,0.1500,0.8500,no
fa380e97-2059-7231-5976-7f50e040c6e1,KXNEXTNFLCOACH-BUF27-MMCD,2026-01-23T16:20:33.503197Z,75.00,0.1700,0.8300,yes
b6071789-45e1-79ed-95b9-169710e68f71,KXNEXTNFLCOACH-BUF27-MMCD,2026-01-23T16:20:03.873513Z,100.00,0.1700,0.8300,yes
1a675754-3f01-4479-9e2b-217c71c76e59,KXNEXTNFLCOACH-BUF27-MMCD,2026-01-23T16:13:27.285474Z,83.00,0.1700,0.8300,yes
149c7136-ccf5-4c45-b29c-3afbb7c76b95,KXNEXTNFLCOACH-BUF27-MMCD,2026-01-23T16:11:30.586156Z,111.00,0.1700,0.8300,yes
e526d641-fa7b-7da5-cc20-05f256b7e606,KXNEXTNFLCOACH-BUF27-MMCD,2026-01-23T16:04:01.572689Z,9.00,0.1800,0.8200,yes
96ea48ed-c6f2-7e68-dd9f-16c0762780d9,KXNEXTNFLCOACH-BUF27-MMCD,2026-01-23T16:04:01.572689Z,17.00,0.1800,0.8200,yes
95aba596-cceb-5b59-ccbb-a0e663393dbe,KXNEXTNFLCOACH-BUF27-MMCD,2026-01-23T15:59:13.302807Z,105.00,0.1800,0.8200,yes
a9d0ff3e-4a5a-7f2e-3a4a-08b8c60b9b73,KXNEXTNFLCOACH-BUF27-MMCD,2026-01-23T15:58:17.195295Z,2.00,0.1300,0.8700,no
7bc2c4fa-904d-761d-fa5a-55f6403b0a19,KXNEXTNFLCOACH-BUF27-MMCD,2026-01-23T15:53:06.087711Z,10.00,0.1700,0.8300,yes
1838e6c9-c3af-7df5-fba1-f30fd7b6891e,KXNEXTNFLCOACH-BUF27-MMCD,2026-01-23T15:53:06.087711Z,95.00,0.1800,0.8200,yes
fc3fadb1-4e32-703e-7945-46b0f18aaa2f,KXNEXTNFLCOACH-BUF27-MMCD,2026-01-23T15:52:39.020285Z,68.00,0.1300,0.8700,no
14ea8bc7-031d-59d0-fdb2-19301d7dec96,KXNEXTNFLCOACH-BUF27-MMCD,2026-01-23T15:52:06.016078Z,10.00,0.1300,0.8700,no
e374b380-f22b-63d1-8ca6-f8bbd181cc2a,KXNEXTNFLCOACH-BUF27-MMCD,2026-01-23T15:51:29.360165Z,263.00,0.1800,0.8200,yes
277a9df6-5b67-7d85-d91a-9b7ff050ba0a,KXNEXTNFLCOACH-BUF27-MMCD,2026-01-23T15:49:44.872613Z,24.00,0.1800,0.8200,yes
89c7ea96-6227-46f0-2351-de20f80739e1,KXNEXTNFLCOACH-BUF27-MMCD,2026-01-23T15:48:30.312795Z,56.00,0.1500,0.8500,yes
724a8d5f-1073-4969-2129-6cddba9acb7e,KXNEXTNFLCOACH-BUF27-MMCD,2026-01-23T15:48:30.312795Z,4.00,0.1800,0.8200,yes
72213441-95f3-7cd0-c534-fc5c80c0fb8d,KXNEXTNFLCOACH-BUF27-MMCD,2026-01-23T15:45:39.640443Z,20.00,0.1500,0.8500,yes
5a01765e-a305-62e8-f16d-1183f9e4c1c2,KXNEXTNFLCOACH-BUF27-MMCD,2026-01-23T15:18:04.458918Z,23.00,0.1400,0.8600,yes
1a2bcdf2-f2b3-71ee-3831-90d5f594bfb0,KXNEXTNFLCOACH-BUF27-MMCD,2026-01-23T15:11:47.958551Z,36.00,0.1300,0.8700,yes
f07d8b6a-3a09-5d6c-f984-668a10441c26,KXNEXTNFLCOACH-BUF27-MMCD,2026-01-23T15:01:10.478269Z,31.00,0.1400,0.8600,yes
c1f698d1-923c-515b-def5-4f6f80509a29,KXNEXTNFLCOACH-BUF27-MMCD,2026-01-23T15:01:10.478269Z,53.00,0.1300,0.8700,yes
f0e787e7-85fc-475b-3f26-98dee9953421,KXNEXTNFLCOACH-BUF27-MMCD,2026-01-23T14:58:42.278289Z,1087.00,0.1300,0.8700,yes
509bbdf3-8c58-6c3b-fb52-eaefdb312671,KXNEXTNFLCOACH-BUF27-MMCD,2026-01-23T14:57:31.3374Z,150.00,0.1300,0.8700,yes
1ed87497-f035-5abf-bad0-9f56d0c3d922,KXNEXTNFLCOACH-BUF27-MMCD,2026-01-23T14:50:46.83806Z,20.00,0.1200,0.8800,yes
7304d8db-1f2c-617f-7c78-f649e6c023d5,KXNEXTNFLCOACH-BUF27-MMCD,2026-01-23T14:46:19.232454Z,101.00,0.1300,0.8700,yes
24270c1a-0aac-76b7-f3ee-f2aeb241f259,KXNEXTNFLCOACH-BUF27-MMCD,2026-01-23T14:45:36.649128Z,333.00,0.1300,0.8700,yes
67e2e99a-565c-7948-d099-92ab2ecf484c,KXNEXTNFLCOACH-BUF27-MMCD,2026-01-23T14:42:44.25012Z,179.00,0.1200,0.8800,yes
1283e0fc-dec8-72f9-e79a-1c483769a404,KXNEXTNFLCOACH-BUF27-MMCD,2026-01-23T14:42:44.25012Z,178.00,0.1200,0.8800,yes
0a52cc17-6670-6be1-ce9d-0d49b58efec4,KXNEXTNFLCOACH-BUF27-MMCD,2026-01-23T14:40:44.978229Z,750.00,0.1200,0.8800,yes
a875ae1b-3d14-4a01-22ea-90551bbe30b0,KXNEXTNFLCOACH-BUF27-MMCD,2026-01-23T14:40:42.648701Z,33.00,0.1200,0.8800,yes
76cdd775-eac0-5989-a815-7e16c3867014,KXNEXTNFLCOACH-BUF27-MMCD,2026-01-23T14:38:16.415018Z,39.00,0.1200,0.8800,yes
c2f307fa-3f3c-7a83-b9c5-d835f864e271,KXNEXTNFLCOACH-BUF27-MMCD,2026-01-23T14:28:27.79387Z,266.00,0.1300,0.8700,yes
9a9ce43d-c804-7bba-bc99-cc8422ef7db6,KXNEXTNFLCOACH-BUF27-MMCD,2026-01-23T14:28:27.79387Z,25.00,0.1200,0.8800,yes
3d532895-4d94-769b-aef7-ce60e4f3e54d,KXNEXTNFLCOACH-BUF27-MMCD,2026-01-23T14:28:00.787617Z,6.00,0.1300,0.8700,yes
3fee170f-bcd0-6033-dd6f-59473e495da1,KXNEXTNFLCOACH-BUF27-MMCD,2026-01-23T14:25:48.417507Z,4.00,0.1300,0.8700,yes
0af35971-8ac6-6ba2-c888-aa1ebe75dfa2,KXNEXTNFLCOACH-BUF27-MMCD,2026-01-23T14:23:58.533971Z,300.00,0.1000,0.9000,no
c9e0699c-6df3-6658-297f-81e7116756c5,KXNEXTNFLCOACH-BUF27-MMCD,2026-01-23T14:19:42.702575Z,31.00,0.1500,0.8500,yes
91646672-2133-71c4-fe4a-273ab6152175,KXNEXTNFLCOACH-BUF27-MMCD,2026-01-23T14:06:50.279372Z,62.00,0.1500,0.8500,yes
3a0b8e08-8243-61e0-26b3-dc8b50bcb4d5,KXNEXTNFLCOACH-BUF27-MMCD,2026-01-23T14:05:47.618573Z,31.00,0.1500,0.8500,yes
9a8b4050-307c-5714-2e19-dff75fe49dd0,KXNEXTNFLCOACH-BUF27-MMCD,2026-01-23T14:01:12.569739Z,307.00,0.1500,0.8500,yes
8b69c2a8-5783-5784-1eb9-3f4c06dd39f7,KXNEXTNFLCOACH-BUF27-MMCD,2026-01-23T14:01:12.569739Z,6.00,0.1900,0.8100,yes
87102f0d-cce8-7efc-f850-8dc733f3fbac,KXNEXTNFLCOACH-BUF27-MMCD,2026-01-23T14:00:41.240638Z,93.00,0.1500,0.8500,yes
53c310e2-77cb-7401-ef1a-ecc0491702ea,KXNEXTNFLCOACH-BUF27-MMCD,2026-01-23T14:00:41.240638Z,6.00,0.1400,0.8600,yes
2d494f7e-b4b4-542d-863e-f4f81c0cb1f7,KXNEXTNFLCOACH-BUF27-MMCD,2026-01-23T13:50:13.16249Z,118.00,0.1900,0.8100,yes
03f49dd3-41b6-57b5-bd41-56dd7c88ac2a,KXNEXTNFLCOACH-BUF27-MMCD,2026-01-23T13:50:13.16249Z,6.00,0.1800,0.8200,yes
24b724db-3264-429d-0967-f995038591f1,KXNEXTNFLCOACH-BUF27-MMCD,2026-01-23T13:49:50.712438Z,43.00,0.1800,0.8200,yes
b7927dae-afd6-7bf5-5397-0b250fa87030,KXNEXTNFLCOACH-BUF27-MMCD,2026-01-23T13:41:36.03316Z,12.00,0.1000,0.9000,no
53a70375-2f26-72cf-4131-7e580f05f2a3,KXNEXTNFLCOACH-BUF27-MMCD,2026-01-23T13:41:36.03316Z,48.00,0.0900,0.9100,no
c569afaf-2693-5ced-e2e0-e68907631a1e,KXNEXTNFLCOACH-BUF27-MMCD,2026-01-23T13:39:44.209122Z,71.00,0.2000,0.8000,yes
dcee2762-5e38-5955-ea33-58fc702b7e2b,KXNEXTNFLCOACH-BUF27-MMCD,2026-01-23T13:37:54.355403Z,255.00,0.1700,0.8300,yes
3c1471bb-f9f7-5512-da76-466df31e5606,KXNEXTNFLCOACH-BUF27-MMCD,2026-01-23T13:37:54.355403Z,150.00,0.1500,0.8500,yes
39660034-bf47-5ff1-feb5-ca2a35849b4a,KXNEXTNFLCOACH-BUF27-MMCD,2026-01-23T13:37:54.355403Z,549.00,0.2000,0.8000,yes
377b9d8b-1980-5a42-e222-23243d99819a,KXNEXTNFLCOACH-BUF27-MMCD,2026-01-23T13:37:54.355403Z,466.00,0.1300,0.8700,yes
ce66d941-eac4-50ba-e7c2-ab840ab23cc6,KXNEXTNFLCOACH-BUF27-MMCD,2026-01-23T13:34:40.242591Z,34.00,0.1300,0.8700,yes
9970e767-8f90-59b7-db02-cc35878510d3,KXNEXTNFLCOACH-BUF27-MMCD,2026-01-23T13:34:40.242591Z,195.00,0.1300,0.8700,yes
882317b1-946e-5ee8-f719-230d334992bc,KXNEXTNFLCOACH-BUF27-MMCD,2026-01-23T13:34:40.242591Z,500.00,0.1200,0.8800,yes
2cd44fab-81f4-5f05-c672-80e4df4533cc,KXNEXTNFLCOACH-BUF27-MMCD,2026-01-23T13:34:40.242591Z,36.00,0.1200,0.8800,yes
bd457651-09bb-689f-f607-6193f4a5963a,KXNEXTNFLCOACH-BUF27-MMCD,2026-01-23T13:33:51.633975Z,130.00,0.1000,0.9000,yes
f9dba08f-3daf-5f07-3d69-91496946f2ce,KXNEXTNFLCOACH-BUF27-MMCD,2026-01-23T13:32:26.719608Z,470.00,0.1000,0.9000,yes
a2e5951f-70bd-5eda-cb74-16a1b36f0ad6,KXNEXTNFLCOACH-BUF27-MMCD,2026-01-23T13:30:59.546025Z,134.00,0.0600,0.9400,no
793b272d-ac32-45f1-b3ea-3527c5bdbdc2,KXNEXTNFLCOACH-BUF27-MMCD,2026-01-23T13:25:31.305717Z,15.00,0.1200,0.8800,yes
a64a1c96-ff68-52d7-3508-5b7f9ad050af,KXNEXTNFLCOACH-BUF27-MMCD,2026-01-23T13:21:27.59959Z,72.00,0.1300,0.8700,yes
abe28551-bc1c-67bb-8c7c-aba5d0d13113,KXNEXTNFLCOACH-BUF27-MMCD,2026-01-23T13:21:20.898587Z,133.00,0.1300,0.8700,yes
ffe2eea7-76d5-584c-390f-a4179c926964,KXNEXTNFLCOACH-BUF27-MMCD,2026-01-23T13:07:52.122686Z,12.00,0.1500,0.8500,yes
f7167ddd-b131-4216-6948-b7c52902d500,KXNEXTNFLCOACH-BUF27-MMCD,2026-01-23T12:57:15.699379Z,114.00,0.1600,0.8400,yes
02300c14-4db0-42bd-7390-a3573e55623b,KXNEXTNFLCOACH-BUF27-MMCD,2026-01-23T12:57:15.699379Z,3.00,0.1700,0.8300,yes
41bc14c5-6409-7b02-33eb-9e081658e9a4,KXNEXTNFLCOACH-BUF27-MMCD,2026-01-23T12:51:05.965109Z,83.00,0.1600,0.8400,yes
aad8267e-ce85-6ff6-a9d7-ef047738c80c,KXNEXTNFLCOACH-BUF27-MMCD,2026-01-23T12:49:04.331491Z,20.00,0.1600,0.8400,yes
9bb9007b-c5e0-469d-1241-7de63df49664,KXNEXTNFLCOACH-BUF27-MMCD,2026-01-23T12:44:05.77279Z,16.00,0.1600,0.8400,yes
80de79eb-7345-5c72-e576-9fc67d1bcef1,KXNEXTNFLCOACH-BUF27-MMCD,2026-01-23T12:35:42.887171Z,144.00,0.1600,0.8400,yes
01d71439-195c-5f6d-db2e-af8750e0232f,KXNEXTNFLCOACH-BUF27-MMCD,2026-01-23T12:35:42.887171Z,142.00,0.1700,0.8300,yes
4f838b99-724d-78ba-4cf7-c231a2778471,KXNEXTNFLCOACH-BUF27-MMCD,2026-01-23T12:35:19.39557Z,111.00,0.1600,0.8400,yes
f4580d2b-abe1-66b6-9921-3edd373d24e1,KXNEXTNFLCOACH-BUF27-MMCD,2026-01-23T12:35:15.179222Z,245.00,0.1600,0.8400,yes
47525db4-7355-6b8d-b297-97e5ee3f013e,KXNEXTNFLCOACH-BUF27-MMCD,2026-01-23T12:35:15.179222Z,88.00,0.0900,0.9100,yes
74dc24ec-5b2d-4f41-9e87-e5fc802fd936,KXNEXTNFLCOACH-BUF27-MMCD,2026-01-23T12:28:29.856768Z,55.00,0.0900,0.9100,yes
f82bb894-6b5c-785e-5283-dfc9464897ba,KXNEXTNFLCOACH-BUF27-MMCD,2026-01-23T12:26:08.72279Z,107.00,0.0800,0.9200,yes
5dd97c7f-c450-6096-26c5-49164c1d38ca,KXNEXTNFLCOACH-BUF27-MMCD,2026-01-23T12:24:59.989354Z,40.00,0.0800,0.9200,yes
e3838f91-0c88-4542-677f-aa8a11050136,KXNEXTNFLCOACH-BUF27-MMCD,2026-01-23T12:21:44.619267Z,20.00,0.0800,0.9200,yes
fa886f38-c228-5591-f15e-84d7595fa647,KXNEXTNFLCOACH-BUF27-MMCD,2026-01-23T12:12:34.078345Z,34.00,0.0500,0.9500,yes
cd391b18-dc8a-51a4-d5c1-f27fd20a1098,KXNEXTNFLCOACH-BUF27-MMCD,2026-01-23T12:12:34.078345Z,503.00,0.0400,0.9600,yes
9b1d0c3e-1359-5015-c580-7f4b9ba3a752,KXNEXTNFLCOACH-BUF27-MMCD,2026-01-23T12:12:34.078345Z,33.00,0.0900,0.9100,yes
9a40be05-ff1c-5cd7-d685-073cb8bc6057,KXNEXTNFLCOACH-BUF27-MMCD,2026-01-23T12:12:34.078345Z,400.00,0.0500,0.9500,yes
56e696e5-acd7-562a-ea11-2ecb46262ca2,KXNEXTNFLCOACH-BUF27-MMCD,2026-01-23T12:12:34.078345Z,33.00,0.0600,0.9400,yes
e883d17a-3972-5250-8ee3-2a55c119b574,KXNEXTNFLCOACH-BUF27-MMCD,2026-01-23T12:08:47.946428Z,326.00,0.0400,0.9600,yes
8a2776b5-b3a2-4b18-7379-45b0663d85dc,KXNEXTNFLCOACH-BUF27-MMCD,2026-01-23T12:08:26.316734Z,1171.00,0.0400,0.9600,yes
c9bf0f41-e56c-74b5-ef55-23c8e1c25c17,KXNEXTNFLCOACH-BUF27-MMCD,2026-01-23T11:52:59.056019Z,16.00,0.0500,0.9500,yes
a0b75496-051e-70fc-d82f-27a3890e041c,KXNEXTNFLCOACH-BUF27-MMCD,2026-01-23T11:52:59.056019Z,300.00,0.0200,0.9800,yes
34683056-a018-707a-d88e-c62c11edebde,KXNEXTNFLCOACH-BUF27-MMCD,2026-01-23T11:52:59.056019Z,1000.00,0.0300,0.9700,yes
248325f8-8203-7426-f45e-3f7f41adacfd,KXNEXTNFLCOACH-BUF27-MMCD,2026-01-23T11:52:59.056019Z,61.00,0.0100,0.9900,yes
f3354fe2-f2d4-6667-0bc8-67bbecec927d,KXNEXTNFLCOACH-BUF27-MMCD,2026-01-23T11:52:42.328353Z,28.00,0.0100,0.9900,yes
050715ed-d3cf-66e2-2e83-080b053e5289,KXNEXTNFLCOACH-BUF27-MMCD,2026-01-23T11:52:42.328353Z,439.00,0.0100,0.9900,yes
aec489dd-67c9-54a8-d208-14f469a5ea9c,KXNEXTNFLCOACH-BUF27-MMCD,2026-01-23T11:49:01.62947Z,337.00,0.0100,0.9900,yes
36726a1d-ef50-5f6b-c23d-9657d9f5f52d,KXNEXTNFLCOACH-BUF27-MMCD,2026-01-23T11:49:01.62947Z,972.00,0.0100,0.9900,yes
5ed58e4b-2041-5eac-7208-81261621762c,KXNEXTNFLCOACH-BUF27-MMCD,2026-01-23T11:29:39.326191Z,250.00,0.0100,0.9900,yes
9ad182ff-2993-5fac-cfa2-05290d12636d,KXNEXTNFLCOACH-BUF27-MMCD,2026-01-22T22:44:11.832328Z,1777.00,0.0100,0.9900,no
750251e5-59f3-7e9b-caa9-120a1c9dac7c,KXNEXTNFLCOACH-BUF27-MMCD,2026-01-22T11:57:19.470411Z,15.00,0.0100,0.9900,no
498483df-6a03-6d4b-d3ef-d8ef97abdc2c,KXNEXTNFLCOACH-BUF27-MMCD,2026-01-22T10:19:50.050867Z,14.00,0.0100,0.9900,no
fdb342e4-83a1-6710-3f1d-ee7da5ade1c2,KXNEXTNFLCOACH-BUF27-MMCD,2026-01-22T01:54:41.376867Z,76.00,0.0100,0.9900,yes
d91b8ca0-974b-627a-1c5a-4cde016fc6ac,KXNEXTNFLCOACH-BUF27-MMCD,2026-01-22T01:54:41.376867Z,100.00,0.0100,0.9900,yes
b2765a93-5260-69c6-333e-e2e238d07476,KXNEXTNFLCOACH-BUF27-MMCD,2026-01-22T01:54:41.376867Z,913.00,0.0100,0.9900,yes
98fe4937-3f22-6004-0fd4-411080e26022,KXNEXTNFLCOACH-BUF27-MMCD,2026-01-22T01:54:41.376867Z,100.00,0.0100,0.9900,yes
437d6252-a671-605a-22ad-c54b81ba26a5,KXNEXTNFLCOACH-BUF27-MMCD,2026-01-22T01:54:41.376867Z,57.00,0.0100,0.9900,yes
6b0737a6-9590-71e1-60ee-62d915fe7e7e,KXNEXTNFLCOACH-BUF27-MMCD,2026-01-21T20:12:30.17689Z,23.00,0.0100,0.9900,yes
6287bbe4-7a05-642d-db6e-db98631c08ee,KXNEXTNFLCOACH-BUF27-MMCD,2026-01-21T03:22:10.009406Z,706.00,0.0100,0.9900,yes
114e60bf-51f8-641d-c33c-4c3cc7a6ac7e,KXNEXTNFLCOACH-BUF27-MMCD,2026-01-21T03:22:10.009406Z,3294.00,0.0100,0.9900,yes
4ba00175-3405-6e91-482c-ec25269a9fa2,KXNEXTNFLCOACH-BUF27-MMCD,2026-01-21T02:22:50.309429Z,93.00,0.0100,0.9900,yes
db9a8944-f652-7af2-f57b-1fcd68088546,KXNEXTNFLCOACH-BUF27-MMCD,2026-01-21T01:56:50.960275Z,1.00,0.0100,0.9900,no
b721f6b7-2564-72aa-1888-518f8fba9314,KXNEXTNFLCOACH-BUF27-MMCD,2026-01-21T01:54:18.556529Z,6.00,0.0200,0.9800,no
7454e9ca-88cd-7f84-2e47-dce3cf3998c4,KXNEXTNFLCOACH-BUF27-MMCD,2026-01-21T01:53:57.563291Z,6.00,0.0200,0.9800,no
d9987544-195c-7dc0-8364-90ee8b6f9189,KXNEXTNFLCOACH-BUF27-MMCD,2026-01-21T01:53:13.9866Z,322.00,0.0400,0.9600,no
78481e83-5070-7519-8f4f-68565ddbdab9,KXNEXTNFLCOACH-BUF27-MMCD,2026-01-21T01:53:13.9866Z,3000.00,0.0300,0.9700,no
a7c05f37-8847-64ba-0394-2232f85a550a,KXNEXTNFLCOACH-BUF27-MMCD,2026-01-21T01:29:57.399627Z,370.00,0.0600,0.9400,yes
202e9249-3f18-6bf8-16a9-d7571d606dbf,KXNEXTNFLCOACH-BUF27-MMCD,2026-01-21T01:29:57.399627Z,25.00,0.0500,0.9500,yes
eaf558d3-7060-4e4c-0893-2e4b7379362e,KXNEXTNFLCOACH-BUF27-MMCD,2026-01-21T01:16:07.626877Z,258.00,0.0500,0.9500,yes
96a3a67d-b503-4ec6-178c-66f8411d194e,KXNEXTNFLCOACH-BUF27-MMCD,2026-01-21T01:16:07.626877Z,97.00,0.0600,0.9400,yes
016b4443-caf3-4910-8a3f-4556f1fd4270,KXNEXTNFLCOACH-BUF27-MMCD,2026-01-21T01:00:52.013804Z,8.00,0.0300,0.9700,no
42c6aee8-fe7b-6418-93aa-520290423a6c,KXNEXTNFLCOACH-BUF27-MMCD,2026-01-21T01:00:50.777376Z,10.00,0.0300,0.9700,no
e173af00-02dc-6cae-90a4-2ba814a421c8,KXNEXTNFLCOACH-BUF27-MMCD,2026-01-21T00:56:49.093494Z,24.00,0.0400,0.9600,yes
bfba44d4-4b10-67f4-b999-670cfb9fd67a,KXNEXTNFLCOACH-BUF27-MMCD,2026-01-21T00:56:49.093494Z,18.00,0.0500,0.9500,yes
860429f9-9182-4249-9eab-fee94ebd01c1,KXNEXTNFLCOACH-BUF27-MMCD,2026-01-20T23:02:34.397093Z,24.00,0.0200,0.9800,no
7865ca55-fa37-4543-8f27-f64e5bfaec6e,KXNEXTNFLCOACH-BUF27-MMCD,2026-01-20T23:02:34.397093Z,25.00,0.0100,0.9900,no
a86df017-59f1-5f61-7af1-40c949cf14ef,KXNEXTNFLCOACH-BUF27-MMCD,2026-01-20T22:58:40.373562Z,396.00,0.0500,0.9500,yes
45b8d26e-b334-5120-68e2-ed990e6d3dc6,KXNEXTNFLCOACH-BUF27-MMCD,2026-01-20T22:58:40.373562Z,104.00,0.0500,0.9500,yes
e67c455a-f3b5-6281-52d2-76d26b9eaa6b,KXNEXTNFLCOACH-BUF27-MMCD,2026-01-20T22:58:28.945611Z,100.00,0.0500,0.9500,yes
583b4c27-5a75-65c5-4e62-01026933159e,KXNEXTNFLCOACH-BUF27-MMCD,2026-01-20T22:58:28.945611Z,400.00,0.0400,0.9600,yes
13bdab01-0361-7de5-d49b-346e76e458ff,KXNEXTNFLCOACH-BUF27-MMCD,2026-01-20T22:19:14.867625Z,292.00,0.0500,0.9500,yes
b29aba37-9fc2-5dfc-5766-53d5645286d3,KXNEXTNFLCOACH-BUF27-MMCD,2026-01-20T20:57:26.349491Z,6.00,0.0400,0.9600,yes
088cdbbb-e479-5f3d-60ff-d81e4f6453f3,KXNEXTNFLCOACH-BUF27-MMCD,2026-01-20T20:57:26.349491Z,209.00,0.0500,0.9500,yes
b682e8f0-f13e-50b7-d425-43cc87546b8e,KXNEXTNFLCOACH-BUF27-MMCD,2026-01-20T19:00:47.221408Z,15.00,0.0500,0.9500,yes
96a2d669-444d-543d-d791-30d43461046b,KXNEXTNFLCOACH-BUF27-MMCD,2026-01-20T19:00:47.221408Z,3.00,0.0500,0.9500,yes
8cf4a81a-4972-6fc8-39eb-03c9c3ce3ac8,KXNEXTNFLCOACH-BUF27-MMCD,2026-01-20T16:07:32.686219Z,9.00,0.0700,0.9300,yes
97f30ee7-696e-4260-5b05-99ab6b36ed88,KXNEXTNFLCOACH-BUF27-MMCD,2026-01-20T15:35:34.232517Z,4.00,0.0700,0.9300,yes
c7727075-f7a6-5c34-c778-bd1e00b46cf4,KXNEXTNFLCOACH-BUF27-MMCD,2026-01-20T15:20:37.755668Z,32.00,0.0700,0.9300,yes
8de4af87-de72-5216-e02b-fca980826a2a,KXNEXTNFLCOACH-BUF27-MMCD,2026-01-20T15:20:37.755668Z,263.00,0.0500,0.9500,yes
152445fd-13af-5a2f-f794-9ecb00ecb865,KXNEXTNFLCOACH-BUF27-MMCD,2026-01-20T15:20:37.755668Z,200.00,0.0400,0.9600,yes
2d43fa10-6248-4043-f7c6-ba230fb7cc0f,KXNEXTNFLCOACH-BUF27-MMCD,2026-01-20T14:41:13.942473Z,42.00,0.0100,0.9900,no
1ab19413-f1ea-45a2-41ee-1e955af7c922,KXNEXTNFLCOACH-BUF27-MMCD,2026-01-20T14:28:03.501799Z,71.00,0.0500,0.9500,yes
9b924ebf-8b9a-76ce-4000-916cbc34bdd6,KXNEXTNFLCOACH-BUF27-MMCD,2026-01-20T14:15:30.167266Z,112.00,0.0500,0.9500,yes
d05345ee-2b14-5237-b5a6-e88e2805a25f,KXNEXTNFLCOACH-BUF27-MMCD,2026-01-20T13:22:32.173115Z,58.00,0.0100,0.9900,no
db8a44b0-d596-43ae-05bf-3def1d42f446,KXNEXTNFLCOACH-BUF27-MMCD,2026-01-20T13:22:21.971346Z,76.00,0.0500,0.9500,yes
04d021d8-136e-4024-0005-fcf031fb2489,KXNEXTNFLCOACH-BUF27-MMCD,2026-01-20T13:22:21.971346Z,5.00,0.0400,0.9600,yes
a37300cc-2cae-43ba-892f-824f008b36b6,KXNEXTNFLCOACH-BUF27-MMCD,2026-01-20T12:46:25.216543Z,56.00,0.0500,0.9500,yes
fa6d062e-390a-6d78-6956-dfb2d75c1d8a,KXNEXTNFLCOACH-BUF27-MMCD,2026-01-20T11:35:31.397729Z,50.00,0.0500,0.9500,no
a2a27a2d-c3e5-64dc-558f-5d77e54194a2,KXNEXTNFLCOACH-BUF27-MMCD,2026-01-20T11:35:31.397729Z,600.00,0.0500,0.9500,no
ed6bc412-8ec8-7045-fc69-d881a1ef486a,KXNEXTNFLCOACH-BUF27-MMCD,2026-01-20T06:17:55.404422Z,632.00,0.0700,0.9300,yes
b7ffdfde-ef88-7758-c817-7ff67eb47da6,KXNEXTNFLCOACH-BUF27-MMCD,2026-01-20T06:17:55.404422Z,620.00,0.0800,0.9200,yes
4bb0bd08-66ec-58b9-9801-9739be63fefe,KXNEXTNFLCOACH-BUF27-MMCD,2026-01-20T06:16:51.327832Z,1341.00,0.0700,0.9300,yes
c6e050ed-cf55-6ba7-2082-a7ed4170b06e,KXNEXTNFLCOACH-BUF27-MMCD,2026-01-20T05:50:20.053106Z,308.00,0.0700,0.9300,yes
670808c0-cc54-684d-0030-e4a7d3c86e42,KXNEXTNFLCOACH-BUF27-MMCD,2026-01-20T05:50:20.053106Z,27.00,0.0700,0.9300,yes
9ca16823-6825-6ba3-7026-cabe1421ed3e,KXNEXTNFLCOACH-BUF27-MMCD,2026-01-20T05:48:34.451852Z,128.00,0.0700,0.9300,yes
96da4b64-f04d-6280-7297-77bf63e1e68e,KXNEXTNFLCOACH-BUF27-MMCD,2026-01-20T05:48:34.451852Z,7.00,0.0600,0.9400,yes
c68718f4-e30c-5f7f-0a53-94d5b176034f,KXNEXTNFLCOACH-BUF27-MMCD,2026-01-20T05:30:05.692786Z,2.00,0.0600,0.9400,yes
832c83f3-1693-442c-1269-6e8cd1eff0b4,KXNEXTNFLCOACH-BUF27-MMCD,2026-01-20T05:09:54.463675Z,15.00,0.0600,0.9400,yes
c98ecd3a-7e04-514b-aff4-d97198cbd4e0,KXNEXTNFLCOACH-BUF27-MMCD,2026-01-20T04:57:00.762298Z,24.00,0.0500,0.9500,no
831bafd6-25f9-5b67-f15e-37a37656dd06,KXNEXTNFLCOACH-BUF27-MMCD,2026-01-20T04:55:06.135853Z,40.00,0.0700,0.9300,yes
b12062af-3a79-55cb-f4bd-e69c8af297aa,KXNEXTNFLCOACH-BUF27-MMCD,2026-01-20T04:26:55.288712Z,24.00,0.0700,0.9300,yes
af959547-6504-589c-d2a8-61c61145c7d5,KXNEXTNFLCOACH-BUF27-MMCD,2026-01-20T04:26:55.288712Z,10.00,0.0700,0.9300,yes
a7d71d7d-245b-5db6-c83f-8b3b04e827d3,KXNEXTNFLCOACH-BUF27-MMCD,2026-01-20T04:26:55.288712Z,93.00,0.0600,0.9400,yes
d31926dd-e10f-4c1b-ad6f-2f602d6ead3c,KXNEXTNFLCOACH-BUF27-MMCD,2026-01-20T04:09:26.466384Z,4.00,0.0400,0.9600,no
0d4c1114-2b58-67e9-841f-c78f4d36e75c,KXNEXTNFLCOACH-BUF27-MMCD,2026-01-20T04:08:59.52669Z,10.00,0.0500,0.9500,no
4f643515-dd10-49b3-dc78-3c253aca27a6,KXNEXTNFLCOACH-BUF27-MMCD,2026-01-20T02:36:41.247105Z,222.00,0.0600,0.9400,no
b8343932-1444-44fd-c85a-9efb9b9a1165,KXNEXTNFLCOACH-BUF27-MMCD,2026-01-20T02:24:30.934651Z,50.00,0.0700,0.9300,no
46d6e248-5b34-4d39-9f50-b5924e9f5c19,KXNEXTNFLCOACH-BUF27-MMCD,2026-01-20T02:17:30.849045Z,17.00,0.0700,0.9300,no
2558f2c3-690f-483e-a893-ff3b71ead9c7,KXNEXTNFLCOACH-BUF27-MMCD,2026-01-20T01:42:40.359339Z,83.00,0.0900,0.9100,yes
6fbc1e44-7707-48aa-9eaf-6dc3149823e3,KXNEXTNFLCOACH-BUF27-MMCD,2026-01-20T01:24:14.696252Z,8.00,0.0900,0.9100,yes
d1b43223-8a43-7aa2-5d60-966c5c93aaab,KXNEXTNFLCOACH-BUF27-MMCD,2026-01-20T01:00:10.48734Z,73.00,0.0900,0.9100,yes
d124c4ea-674f-6ffa-eb94-5575e1f84acb,KXNEXTNFLCOACH-BUF27-MMCD,2026-01-20T00:47:41.750082Z,20.00,0.0900,0.9100,yes
ea25f9db-201b-42ea-7b81-3bf8d8160c97,KXNEXTNFLCOACH-BUF27-MMCD,2026-01-20T00:46:49.764071Z,31.00,0.0900,0.9100,yes
a84c25e1-146a-73c8-4e94-b825037b62f9,KXNEXTNFLCOACH-BUF27-MMCD,2026-01-19T23:54:45.977038Z,195.00,0.0800,0.9200,yes
8ebe2eb4-8403-78de-5ffe-2f92ec920183,KXNEXTNFLCOACH-BUF27-MMCD,2026-01-19T23:54:45.977038Z,171.00,0.0900,0.9100,yes
e90a2276-cfba-5bf4-a79f-2bfa5f5f5439,KXNEXTNFLCOACH-BUF27-MMCD,2026-01-19T23:53:25.857898Z,300.00,0.0800,0.9200,yes
7a1bec3f-53b2-4ab0-6a5e-342f3f606711,KXNEXTNFLCOACH-BUF27-MMCD,2026-01-19T23:47:54.372869Z,5.00,0.0800,0.9200,yes
6f4774b3-3418-401b-7f6c-ad6779efdc6b,KXNEXTNFLCOACH-BUF27-MMCD,2026-01-19T23:47:54.372869Z,44.00,0.0800,0.9200,yes
880a46ac-1504-6263-f827-51ffa721356e,KXNEXTNFLCOACH-BUF27-MMCD,2026-01-19T23:41:57.891307Z,18.00,0.0600,0.9400,no
c8be05ac-0808-7c83-0d8f-aea9abf170c7,KXNEXTNFLCOACH-BUF27-MMCD,2026-01-19T23:37:15.426667Z,23.00,0.0800,0.9200,yes
c29301e3-3a0c-4fb3-cab3-81a384435b97,KXNEXTNFLCOACH-BUF27-MMCD,2026-01-19T23:26:00.464807Z,58.00,0.0800,0.9200,yes
231ddc47-217c-79a3-6c76-a5fb65290d0b,KXNEXTNFLCOACH-BUF27-MMCD,2026-01-19T23:17:18.40019Z,9.00,0.0800,0.9200,yes
039e0344-e520-5c73-571f-b48df0a17dbf,KXNEXTNFLCOACH-BUF27-MMCD,2026-01-19T23:11:40.755512Z,58.00,0.0800,0.9200,yes
609298d0-b2e4-73fb-25c3-6e0a27af776b,KXNEXTNFLCOACH-BUF27-MMCD,2026-01-19T23:00:58.118994Z,8.00,0.0800,0.9200,yes
b33a3d73-b423-777a-a48a-7fd805a6b7db,KXNEXTNFLCOACH-BUF27-MMCD,2026-01-19T22:12:59.391322Z,261.00,0.0900,0.9100,yes
2ba73854-c047-4c36-dcdf-3be933fb2703,KXNEXTNFLCOACH-BUF27-MMCD,2026-01-19T22:08:14.427692Z,164.00,0.0900,0.9100,yes
e63ec5c9-1e17-6c0e-b3c0-e6f2bbd77dd3,KXNEXTNFLCOACH-BUF27-MMCD,2026-01-19T22:07:59.035238Z,15.00,0.0900,0.9100,yes
8b44b878-407b-69bf-ee6f-7263e8e188ea,KXNEXTNFLCOACH-BUF27-MMCD,2026-01-19T21:57:36.38722Z,75.00,0.0800,0.9200,yes
0b676ba8-625b-6d5e-e42c-6c923a0d2a87,KXNEXTNFLCOACH-BUF27-MMCD,2026-01-19T21:57:36.38722Z,49.00,0.0900,0.9100,yes
5af29df7-3027-63b3-a62c-d853b6fa2936,KXNEXTNFLCOACH-BUF27-MMCD,2026-01-19T21:53:08.999011Z,117.00,0.0800,0.9200,yes
9ee0ded9-68f3-784f-019b-3a8df0ecf02e,KXNEXTNFLCOACH-BUF27-MMCD,2026-01-19T21:31:25.420941Z,58.00,0.0800,0.9200,yes
072c4123-cabb-5e73-eba9-e5164684a30a,KXNEXTNFLCOACH-BUF27-MMCD,2026-01-19T21:11:23.900672Z,15.00,0.0800,0.9200,yes
b6bcc7ae-6693-698d-fc39-c1254dc23dae,KXNEXTNFLCOACH-BUF27-MMCD,2026-01-19T20:56:01.44617Z,94.00,0.0800,0.9200,yes
333a0697-ec13-651f-e4e3-43b19182c882,KXNEXTNFLCOACH-BUF27-MMCD,2026-01-19T20:56:01.44617Z,35.00,0.0800,0.9200,yes
1db2bf8f-85f6-5042-b704-f2a3780d6d9d,KXNEXTNFLCOACH-BUF27-MMCD,2026-01-19T20:47:57.664212Z,47.00,0.0700,0.9300,yes
077c1ace-a30b-5ef5-88b7-4ee66a56d462,KXNEXTNFLCOACH-BUF27-MMCD,2026-01-19T20:47:57.664212Z,52.00,0.0800,0.9200,yes
831b50f7-864d-4f0e-d3c3-fb463b4cd307,KXNEXTNFLCOACH-BUF27-MMCD,2026-01-19T19:59:08.810489Z,53.00,0.0700,0.9300,yes
4c3e71c2-f3ce-5f0d-32ec-f989d2a110c4,KXNEXTNFLCOACH-BUF27-MMCD,2026-01-19T19:46:22.829967Z,12.00,0.0700,0.9300,no
148087b3-92ae-5325-dc41-d4dd7b412c28,KXNEXTNFLCOACH-BUF27-MMCD,2026-01-19T19:38:32.950101Z,21.00,0.0700,0.9300,no
306820b5-5492-5e35-dc8f-5043b1520858,KXNEXTNFLCOACH-BUF27-MMCD,2026-01-19T19:37:54.262769Z,14.00,0.0700,0.9300,no
96b5ed91-cf6e-62dd-5473-5506cb341f20,KXNEXTNFLCOACH-BUF27-MMCD,2026-01-19T19:36:45.680427Z,27.00,0.0700,0.9300,no
e4949229-f65a-7cf9-846a-72a6f5630ed0,KXNEXTNFLCOACH-BUF27-MMCD,2026-01-19T19:35:26.272908Z,11.00,0.0700,0.9300,no
d4604bf7-dad5-644c-f3b5-6f7decf1a41d,KXNEXTNFLCOACH-BUF27-MMCD,2026-01-19T19:13:49.597947Z,23.00,0.0600,0.9400,yes
235c0ac2-8bb5-61b0-c3d9-adf85431d3e8,KXNEXTNFLCOACH-BUF27-MMCD,2026-01-19T19:13:49.597947Z,230.00,0.0500,0.9500,yes
c8ab363b-d761-75f0-2005-1bfa01bed734,KXNEXTNFLCOACH-BUF27-MMCD,2026-01-19T19:13:10.0027Z,1000.00,0.0500,0.9500,yes
94d707ca-0378-78cb-6851-a6f90a2571a1,KXNEXTNFLCOACH-BUF27-MMCD,2026-01-19T18:59:35.464366Z,470.00,0.0500,0.9500,no
40da3282-58b9-7150-6c88-8a6fb3c66fd9,KXNEXTNFLCOACH-BUF27-MMCD,2026-01-19T18:59:35.464366Z,800.00,0.0700,0.9300,no
d9c6fec2-6f82-4f23-e95f-cba82b268c04,KXNEXTNFLCOACH-BUF27-MMCD,2026-01-19T18:53:02.075631Z,188.00,0.1000,0.9000,yes
b66ad12d-9ef0-61f7-0fcb-d9cf8f5307c9,KXNEXTNFLCOACH-BUF27-MMCD,2026-01-19T18:43:18.981936Z,29.00,0.0500,0.9500,no
77e032f6-11cb-5772-4885-cd1e340f76db,KXNEXTNFLCOACH-BUF27-MMCD,2026-01-19T18:40:12.519754Z,17.00,0.1100,0.8900,yes
e08c47c0-8976-78a8-9435-513c1eb1057a,KXNEXTNFLCOACH-BUF27-MMCD,2026-01-19T18:38:35.344098Z,15.00,0.1100,0.8900,no
acace020-a499-6876-b4d3-bf2938dda819,KXNEXTNFLCOACH-BUF27-MMCD,2026-01-19T18:31:12.673418Z,54.00,0.1200,0.8800,yes
98544127-6e7e-4d67-9cf5-54a692364bfc,KXNEXTNFLCOACH-BUF27-MMCD,2026-01-19T18:21:43.066495Z,19.00,0.1500,0.8500,yes
4497686d-d607-4827-9105-6b017ba9088f,KXNEXTNFLCOACH-BUF27-MMCD,2026-01-19T18:21:43.066495Z,81.00,0.0800,0.9200,yes
38d7758f-c8ac-5b8f-c87c-e567e59ca5bd,KXNEXTNFLCOACH-BUF27-MMCD,2026-01-19T18:20:06.014895Z,1.00,0.0500,0.9500,no
68d068f0-837b-7a93-bcf2-c8d34d12cde7,KXNEXTNFLCOACH-BUF27-MMCD,2026-01-19T18:10:00.423799Z,4.00,0.0800,0.9200,yes
b915dc65-179b-637f-e278-91cc1687de10,KXNEXTNFLCOACH-BUF27-MMCD,2026-01-19T17:57:09.324318Z,7.00,0.0400,0.9600,no
a8e56da4-879b-618b-1ec5-9dc4b5a406a8,KXNEXTNFLCOACH-BUF27-MMCD,2026-01-19T17:54:00.474203Z,21.00,0.0400,0.9600,no
53258fcc-c5ef-4cc3-8a19-4640f72e0fd0,KXNEXTNFLCOACH-BUF27-MMCD,2026-01-19T17:50:50.607558Z,44.00,0.0400,0.9600,no
ccd3079b-2c8b-664b-7fde-c37b89fb5250,KXNEXTNFLCOACH-BUF27-MMCD,2026-01-19T17:50:08.306989Z,1.00,0.0400,0.9600,no
ed95aa56-fdb8-7f02-678b-c0c1ff6a4375,KXNEXTNFLCOACH-BUF27-MMCD,2026-01-19T17:44:50.583735Z,71.00,0.0700,0.9300,yes
248929d9-b6a7-7bcb-53c3-35f38f5aaf13,KXNEXTNFLCOACH-BUF27-MMCD,2026-01-19T17:44:50.583735Z,55.00,0.0800,0.9200,yes
1757a76b-0bd2-7d65-7f05-1d5cc0a11cbd,KXNEXTNFLCOACH-BUF27-MMCD,2026-01-19T16:47:13.501432Z,4.00,0.0300,0.9700,no
a92f99f6-ce27-6b23-1b41-7b21b60e79ac,KXNEXTNFLCOACH-BUF27-MMCD,2026-01-19T16:33:43.051752Z,41.00,0.0100,0.9900,no
dd69fcb6-95a3-415f-4fde-ddf4b047bc54,KXNEXTNFLCOACH-BUF27-MMCD,2026-01-19T16:33:26.000941Z,25.00,0.0100,0.9900,no
c582f7ba-7a1e-44ac-64ed-991b673b6a1f,KXNEXTNFLCOACH-BUF27-MMCD,2026-01-19T16:33:26.000941Z,5.00,0.0200,0.9800,no
9f0db7cb-734d-4a0e-e9d8-7bcb1cb479c4,KXNEXTNFLCOACH-BUF27-MMCD,2026-01-19T16:11:45.052114Z,10.00,0.0100,0.9900,yes
10e3d7c4-e539-7b10-a375-58e76d3d3f74,KXNEXTNFLCOACH-BUF27-MMCD,2026-01-19T16:10:22.317912Z,2.00,0.0100,0.9900,no
e4e0d89f-13a1-6d40-9836-97d272af68d0,KXNEXTNFLCOACH-BUF27-MMCD,2026-01-19T16:10:00.69783Z,69.00,0.0100,0.9900,no
